ref:

int_ref:
E 40|E 40;E 50|296927515,297391951,297391952
E 40||339414711
E 40;E 40|E 40|23297320,159813746
E 40;E 50|E 40|296931549,297368830
E 40;E 50|E 50|297368829
E 50|E 50;E 583|35285863,35285864,35894221,80280656,163786419,163858989
E 50;E 58;E 573|E 50;E 58|163858988,172687232
E 573||35970595,35970596,60209684,172687237
E 58|E 58;E 81|302569766
E 58|E 58;E 97|118181479,262899077,262899555
E 85||157862634,173467492,225813535
E 87||160402526,160402531,160491963
E 95||314911467,314911786
E 97||96932507
E579||122680438
|AH61|229811618,231191938
|E 105|32878172,238957264,289558668,289558669,289558670,289558671,289558673,289558674,289558678,289558679,289563186,327143081,327143082,327143083,327143086
|E 373|23491758,23491760,26131522,31892267,31892269,36406865,46337765,62192819,75527472,75527476,75527478,75527480,75527483,75728812,75728822,75728825,108127185,108127191,130230025,156003879,172205452,172209030,178284860,204980580,204980581,204980582,204980584,204980585,205084126,205084127,205084128,214163687,240571807,240571811,240571817
|E 391|28520897,28521259,43016673,137721340,205724830,205724832,209523921,210114454,232956254,232956255
|E 40|23297235,31119170,80946330,80946352,80946355,80948578,80948592,81301867,85334874,94962950,96825323,96825327,106995045,150456448,150456452,150456456,150456457,152457612,156597066,159985851,159989605,188048985,196953403,197247453,197247454,214163689,229147853,229147854,229147855,240023260,240023269,240023903,240028745,240028748,297376026,297376027,297397765,297399590,339271813,339271814,339271815,339271816,339414707,339414712,339414714,339414722
|E 40;E 50|297397764
|E 50|290602619,292731300,292731327,297005528,297005530,297005533,297005539,297390716,297391137,297479221,300655176,300657283,300659561,330630113,330630114,330630115
|E 58|23499911,62781377,112995307,112995311,119430343,119430345,123313300,124966491,128622711,128708160,172678635,231447869,231447870
|E 583|23130486,23320140,31993330,32005795,34129773,34129785,34129810,42028623,45547139,45547140,48143260,52344562,69732096,69732099,69762635,70684082,70684084,70684085,70684088,70684089,72669480,78677833,80280634,80280666,86502394,86502398,86502402,86502417,86502428,86502449,89831116,89831121,95806095,95806099,95806104,95932863,95932877,110246297,110246298,110246300,110679194,110679195,110679196,110679197,110679200,110679202,110679203,110679204,116562838,116562842,116587402,128255035,128255036,128255037,128255038,156431856,156431857,156431859,173244675,181494231,181494236,181494239,181496307,181496308,181496310,181496311,181508923,181508924,181508925,181509928,181509929,181510614,181510615,181510616,181510617,181511017,181511018,181511020,181587197,181587199,181587205,181587206,181587207,181587208,181621181,181621182,181621185,186594706,186594708,220906161,231493766,231493767,231594292,231594293,236513981,236513982,236690195,236690196,236690197,236690198,249341694,249341695,265430177,265430179,265430180,265430181,268647730,268647733,268647737,268647740,268647741,268647744,268647748,268647752,268647764,268647766,268647768,268647771,268647777,268647781,268647783,268647785,268647788,268647790,307563477,307563478,322475032,323206648,323206652
|E 85|173053010,240033980,299763019,299763032,332027553,332027554
|E 87|235253245
|E 95|37920133,199200050,289262967,289262970,289262974,289262976,314697555,336723659,336723661,336748517,336748518
|E 95;E 101|315715974,315715975
|E 97|290315796

nat_ref:
|DN1C|76733412
|А-22|36723849
|А-23|91631939,91631940,188256612,188256621,188256651,188256655,188259992,188259993,188262440,188277225,188277226,188277229,188277231
|М-03|4421931,4421932,4422041,20078110,23180565,23212322,23212342,23285232,23285233,23285234,23285235,23285236,23285237,23285265,23297149,23297170,23297172,23297230,23297232,23297233,23297235,23297237,23297321,23297327,23297328,23297333,23297344,23297349,23297369,23297511,23297514,23297515,23297516,23297517,23297518,23297519,23297521,23297523,23297524,23297525,30173399,30173400,30183849,30183851,31119072,31119073,31119170,31119450,31119454,31119748,31141522,31145527,31353073,34393895,34393897,35047570,35047572,35048821,36885072,37939192,37939193,38482198,38482199,38888799,38888800,39225167,39225168,42750508,42750509,44810614,44810615,71890260,80663992,80663994,80673314,80673315,80934102,80934107,80934109,80934111,80934116,80934120,80934124,80946330,80946352,80946355,80948578,80948592,81231223,81231227,81301867,81550665,81550688,81550728,81550761,85334874,86974691,88506354,88506376,88827330,88827337,89416478,89416498,89531122,89531123,89546111,89546115,89546116,89546117,89546807,89546814,89546817,89546823,89546832,89546835,89546839,89546840,89547661,89616740,89616784,90122321,90122341,96825323,96825327,102687571,102687581,106995045,107432776,107432841,113793443,115606109,124097959,124097960,125089133,125089134,125089135,125089137,125096413,125096420,127917600,127917601,127917602,127917603,127917604,127917606,132304494,132304495,132675984,133887239,133887240,134922935,134922936,135033012,135033013,135397527,138179643,139505878,139505879,142142682,143871556,143871557,143871559,146279807,150456448,150456452,150456456,150456457,156182252,156182256,156319653,156319661,156586341,156586386,156586396,156586400,156586404,156586410,156597043,156597048,156597049,156597054,156597056,156597060,156597065,156597066,156862513,156862517,156862520,159328198,159328199,159328200,159328201,159812658,159812661,159812662,159812663,159813361,159813362,159813363,159815291,159815292,159815293,159815294,159985851,159989605,160323602,160826132,163383760,163383761,163641837,163641838,166617262,167331775,167331776,167331777,167331785,168349116,168349207,168832734,168832736,170435056,170435057,171062781,171062782,171062783,171062784,173147911,173147913,173221907,173221908,173221909,173221910,174119815,174119911,174120093,174120416,174121215,174121329,175260278,175260279,175260280,175260281,175260282,175308658,175308659,175308661,175308662,175308663,175308664,175308665,175308667,175308668,175308669,175308670,175308672,175308673,175308674,175308675,175308676,175308677,175308678,175308679,176133960,176133961,176162638,176162639,176163448,176163451,176163453,176163455,176702955,177178170,177178171,177178172,177178173,178294607,178294608,178294609,178294610,178294611,178294612,178294613,178294614,185255554,185255558,185255561,185255563,185255567,185255569,185255572,185255574,185255575,185255576,185255578,185255580,185255582,185255583,185255584,185255586,185255588,185255589,185255590,185255591,185255592,185255596,185255597,185255598,185255599,185255600,185255602,185255605,185255606,185255607,185255608,185255610,185485988,185485989,185485990,185485991,185485992,185485994,185503580,185520649,185597242,185597243,185597244,185597246,185597247,187004483,187004485,194816051,196953403,197247453,197247454,197679643,199198878,199198887,200133661,200133664,200492658,222477305,222477306,226835615,226835617,226835618,226835619,229137256,229139545,229141403,229147854,229147855,230551605,231246379,231986531,233884429,235994872,240484367,241208087,245481629,247412532,247412533,248917095,249578345,249578349,249578350,249578354,250591958,250591961,252676651,253042803,253097826,253097827,256880284,262813271,262813272,273699652,276003476,276003481,282248394,282248396,286555685,286852731,289863509,292045284,292045285,292142548,292142549,296902223,296920909,296920911,296920913,296920914,296922343,296922344,296922345,296922346,296927512,296927515,297139995,297139996,297205143,297205146,297368829,297368831,297376026,297376027,297391951,297391952,302710059,302710060,302710061,302710062,307324823,308613760,308613761,314177010,314177011,314177012,314177014,314994776,314994777,314994778,314994780,326078614,326078615,333472516,333472518,333533725,333533726,333533727,333533728,333551937,333551938,333600074,333600075,334185376,334185377,334185378,334185379,334185380,334185382,334185383,334185384,334185385,334185386,334185387,334185388,334185389,334185390,334185391,334668167,334668168,334668473,334669456,334684392,334684393,336129259,336129260,336129261,336129262,336129263,336129264,336735313,339218234,339218237,339218238,339218239,339271813,339271814,339271815,339271816,339372803,339372806,339372809,339414707,339414708,339414709,339414710,339414712,339414713,339414714,339414715,339414716,339414717,339414718,339414719,339414720,339414722,341216033,341216037
|М-03;М-04|297391950,297391954,297397764,297397768
|М-03;М-18|4421952,34400318,34400319,85965176,94962950,152457612,184540442,184540443,229147853
|М-04|4422339,8752433,23451651,24209524,24240575,24550269,24787604,27995122,27995123,27995127,27995140,28086507,28089216,28506870,28507139,28605100,28859163,28859557,28898550,28912442,28912443,30394243,30394248,30395085,30412691,30412832,30412833,30573839,30795493,31773501,31773502,31773503,32397149,32874723,32874762,32874784,32878313,32878317,33792268,33792898,33792899,33792900,33792901,33792902,33792903,33792904,33792905,33891833,33891894,34006130,34006273,34125494,34126057,34126059,34886643,34887060,37064494,37064573,37064603,37408723,37743216,38123006,38723148,38723150,38723154,38723156,38723157,38723158,38723159,38723162,38776217,39363035,39363039,39363041,39363042,39363043,39363044,39364954,39364955,39364956,39364957,39364959,39383271,39383682,39383689,39498821,39523497,39524052,40745216,40745231,40745917,40750363,40750509,52472354,52472364,52472370,52715263,52715266,52715272,52944642,54444275,54445076,54445078,54445080,54445081,64776657,67110449,67549699,67549701,67549703,67549705,67550995,67550996,67550997,67550998,67553345,67567401,67567405,67583123,69106062,72098489,72098493,72098499,72098504,72098893,72098895,72098896,72098898,72186342,74866342,74866343,74866344,74866346,74866347,74866348,74866350,78583522,78583527,78583529,78583534,78583543,78583590,78583597,78585595,78585598,78585604,78585629,85066215,85066225,85066226,85066227,85195418,88478698,88482973,88482975,104027796,104027807,104027814,104027825,105196862,105196864,105199451,105199452,105199453,105199457,105199458,105199460,105199461,105199462,107681792,107681794,107681839,107906690,112474442,112474443,112474470,112474478,112474490,112474499,114881434,114881435,114881440,114881445,114975734,114975737,114975739,115513955,115513956,115513989,117702725,117702730,117878247,117878248,118634924,118634925,118634926,118792069,118792158,118792772,119135112,119996932,119996933,120277334,120277335,120286589,121141577,121141592,123299772,123299773,123556817,123556818,124197824,125438054,125438065,130386247,130386249,131664415,131664416,136085737,136085738,136085739,146614773,146614774,160051468,160051469,160051470,160264974,160264990,160264993,161548648,161548650,161849145,161849146,161849147,164948307,164948308,164948309,166637057,166637061,166638300,168673612,168673616,168674309,168675287,168679018,168679019,168680160,168680278,173518508,173518509,176833531,184394087,184394089,184394090,184394091,194108976,194108980,202588825,202662168,202662843,202662844,203083600,203083601,203155763,203155764,203155765,203155766,208126283,209342734,209342736,209342743,209342760,213977003,214228005,214228006,214228009,214228011,214228013,214228015,214228016,214228018,214228019,214228020,214228022,214228023,214996483,217538652,217538653,217538654,217538655,217538657,219844650,219844651,219844652,219844653,223284379,223284380,227554440,227554441,227920827,227920828,227920829,227920832,227928015,227928016,227928017,228050437,229063116,229067901,229068973,229274318,229274319,229274320,229274326,229961897,231745762,231745765,232209670,232209671,232637424,232721377,233500139,233500140,235523869,235523872,235523873,235523875,244751432,244865696,245843349,245843350,264749489,264749490,278483225,278483227,278483230,278483234,278483239,278483243,278483248,278491158,278491159,278491160,278491161,279187494,279187495,279187496,279187497,288288017,288288019,290602619,295430761,295430762,295430763,296902222,296902224,296927514,296931548,296931549,296936231,296942108,296942109,296942110,297005528,297005530,297005533,297005539,297137530,297137531,297137532,297137533,297137534,297139997,297251708,297251709,297368830,297390716,297391137,297391961,297397765,297399590,297479221,300655175,300655176,300656190,300657283,300659561,306931292,306931293,306931294,306931295,307494766,309808811,309808812,309969600,309969601,313730818,313730819,326282633,327394841,327394842,328451421,328451422,330109795,330109797,330630113,330630114,330630115,333687988,333687990,335987137,335987138,336886710,336886712,341824284,341824285
|М-04;Н-20|124890341,124890343,231745763
|М-14|4424437,4424438,4424497,4424594,4424597,4424601,10213027,23499911,25212842,25213037,25292935,34125910,34125912,34540594,34547392,34573702,34573703,36355553,36356265,36356266,37900403,37900407,38212068,38212071,38212072,38212073,38212074,38212075,38348519,38348520,38348521,38348522,38348523,38939561,43270047,51109248,51109250,52136681,52136691,52136692,52136726,52182519,55937487,56126918,62781375,62781377,77625971,77625972,87645314,87645336,93953123,93953129,93953130,103407203,103407205,103407206,103407207,103407209,103407213,103407215,103407222,103407230,103407247,103531936,103531938,103531945,103631034,103639156,103639161,103639162,103639171,103639173,106678727,110722998,110723007,110723011,110723018,110723030,110723033,111560338,111728287,111728316,112304622,112575702,112622778,112797723,112797727,112808344,112808346,112995307,112995311,114962932,118181459,118181460,118181462,118181473,118181479,118181496,118181520,118181532,118181536,118181538,118181540,118181541,118181549,118181550,118181556,118181560,118181563,118574027,118574028,119430343,119430345,119430346,119430348,119440266,122928273,123313300,123450495,123450497,123450498,124965561,124965563,124966487,124966488,124966489,124966490,124966491,124966492,124966493,124966499,124966500,124966857,124966858,124966859,124966860,124967546,125005109,125229446,127303233,127303235,128622711,128708160,128954470,128954471,128955946,129135152,129135155,129135157,129135161,129796583,130864563,130864569,130864573,130864576,130864580,131607262,131607263,131677905,131677907,131682795,131682799,136356738,138103697,142269444,142269445,142376411,142376412,142376413,142376417,145568435,145568441,148452758,148452759,153992681,153992682,153992684,153992688,157308809,157433964,157433969,157433971,157433974,160109976,166334273,166445725,172678635,173668707,174758900,175056134,175056136,175056137,183040096,183040099,183040102,183040118,183040119,183040120,183040121,183049788,183049789,183049790,184111048,184111049,184484182,184500107,184500108,184935669,185307893,185307895,185311241,186031403,186032126,186032127,186893905,186893906,186893916,186894414,186894418,187224733,187231676,187362794,187780101,187973306,187973308,187975035,187975036,187977361,187977362,187982125,187982129,187985269,187987452,187987454,187990720,187990721,187990727,187990728,187990729,187990730,187990731,187990732,187990733,188074640,188074641,188083742,188083743,188084186,188084189,188462544,193930264,193930266,196483115,196483116,196483117,197893345,197893348,199154565,199154566,201591514,201591515,201591516,201591517,201750386,201750387,201750388,201750389,201750390,201750391,201750392,201750393,201750394,201750395,201750396,201750397,201750398,201750399,201750400,201750401,201750402,201750403,201750404,201750405,201750406,201750407,201757067,201757068,201757069,201757070,201757071,201757072,201757073,201762067,201762068,201762069,201762070,201762071,201762072,201762074,201762075,201762076,201762077,201762078,201762079,201762080,201762081,201762082,201762083,201762084,201762085,201762086,201763296,201763297,201763298,201763299,201763300,201763301,201763302,201763303,201769947,201769948,201769949,201769950,201769951,201769952,201769953,201769954,201769955,202270400,202270402,202270403,202270404,202270405,202270406,202270407,202270408,202280203,202280206,202280207,202280209,202280212,202280213,202280214,202280215,202280217,202280223,202280224,202280227,202280228,202280230,202280231,202287703,202287704,202287705,202287706,202287707,202287708,202287709,202287710,202287711,202287712,202287713,202287714,202287715,202287716,202287717,202287719,202287720,202287721,202287722,202287723,202292655,202292658,202292660,202292663,202292664,202292667,202292669,202292672,202292675,202292677,202292679,202292682,202292683,202292685,202292687,202399220,202399221,202399222,202399223,202399224,202399225,202399226,202399227,202399228,202399229,202399230,202399231,202399232,202399233,202399234,202399235,202399236,202399237,202419339,202419340,202419341,202419342,202419343,202419344,202419345,202419346,202419347,202419348,202419349,202419350,202419351,202419352,202419353,202419354,202557303,202557304,202557305,202557306,202557312,203428031,208571942,209362635,210965233,228552467,228552470,228552473,228552477,231447868,231447869,231447870,231447871,232028389,232028390,232035734,234901596,234901597,236764138,236764139,236764140,236764141,258630651,258630652,258630655,258630658,261750771,261806937,262899076,262899077,262899555,262899556,262900670,264518889,264518890,264519398,264519400,270008073,273722062,277929788,288603625,289080287,289167239,291564527,291564528,296899980,297011009,297013917,297013919,304802771,306005393,306005394,306005395,306005396,323162536,332141870,333219778,333219779,334164891,334164892,340325042
|Н-01|23480106,23508539,23508640,23509570,23509571,23509572,23509576,30385186,30385188,35682020,35682021,35682022,38567495,38567496,38657669,38657671,40548378,40548379,40701370,40701386,40701391,42487153,59692357,59692365,59804888,59804900,59838275,66920150,77885991,77887717,77887718,77907911,77993732,114671563,125846300,125846301,126235180,126235185,126235191,126235193,127084498,130279119,130320846,130546887,130546888,134580829,134580831,135398010,135398272,135398274,135398463,135398464,136330510,136330511,136330512,136330513,136330682,136330683,136330684,136330685,136330686,136330687,136330725,136331417,136331420,136331842,136331843,136331844,136331845,136331905,136331906,136333143,136333144,136333146,136333148,136333151,136333154,136333160,136333162,136333163,136333165,136333373,136333487,136333489,136333603,136333604,136334160,136334161,160756281,162145640,163706577,170584488,170584491,170584493,170584494,170584495,170584496,180560807,201227429,201418890,205079404,205079405,205079406,205079407,205079408,205084129,205084130,205461484,205461485,205461486,205461487,205461488,205461489,205461490,205461491,205461492,205461493,205461494,205461495,205461496,205461497,205461498,205461499,205461500,205461501,211316248,211316249,232344920,232344921,232365543,232365544,232365545,232365546,233566697,233566704,250775801,250775802,275163212,275163213,282573852,285554091,285554092,285554093,285554094,287107303,287115657,287115658,287941548,287941552,288827916,288827917,295004396,295004397,295004398,318498365,342130139,342130143
|Н-01;Н-16|83238519,140093962,140093966,186109436
|Н-02|23535392,23542210,24720839,47932112,73175001,144327634,144327642,146112512,150103663,158551372,163631289,168514923,168514928,177643736,179619164,183563028,183563029,192103995,229054581,229054582,229056905,229065975,229110107,229435793,229435794,229437085,243232337,243232343,261855260,261855269,268456652,268456653,283939683,283939685,284131961,284131964,284131972,284184202,284197293,284329112,284329114,285585928,285585929,289905039,289905040,294372032,294372038,294377062,294377063,294383262,294383263,294409651,294412005,294412006,294469888,294493380,294513585,294513586,294513587,294646083,294646086,294646089,294646091,294646092,294646093,294662909,294794377,294794378,294799261,294804414,294804415,294806542,294806543,294806544,294806545,294806546,294917122,294917123,295054401,295054402,295082242,295259594,295259598,295342604,295342605,295346346,295346347,295348728,295348729,295348730,295348731,295349782,295349783,295365109,295365390,295416554,295416555,295425750,295425751,295425752,295425753,295427721,295427722,295463847,295467077,295469242,295469243,295469244,295469245,295573824,295573825,295576223,295576224,295576225,295577759,295577760,295577761,295577762,295610220,295610221,295616942,295616944,295634850,295634851,295634852,295634853,295634854,295634855,295634856,295634857,295803239,295803240,295809799,295833453,295833454,295833455,295839021,295847900,295951954,295951955,296082603,297053106,297053108,301720079,301720080,310853860,310853861,334388115,334388117,334388118
|Н-03|24423753,24698487,24698608,24698632,24698640,24698691,24698732,24698734,24795464,24795832,28524814,28524897,28525071,28525124,28525173,28535594,28535623,28535651,28535652,28535654,30736618,31999142,31999144,31999145,31999147,32007701,32743583,33187411,33187463,34729792,36792618,36792623,36793315,37352254,37352255,37352266,37352270,37352271,37352687,37427441,37427447,37427448,37428999,37429000,37778004,38422126,38422127,38837970,38837971,38837981,38837982,38839212,38847174,39450848,41997197,41997201,42955335,59692342,59692346,59692350,59715171,59715172,59715173,59715178,59715179,59720448,70255795,70255799,74876720,81937037,81937040,81937053,81937059,82538773,82538828,82627937,91026819,110694901,110694903,125367473,125367474,130533215,130533218,130533219,130533220,130634929,130741505,130751509,131475365,131475368,131475377,131475378,131475379,131475381,131492248,131492257,131492258,131492259,131656229,131656240,133150778,133265138,133265139,136278483,136278487,158064491,158064492,158064493,158064495,165340979,165340986,165484335,165484336,167904326,171145185,171145188,171145189,171145190,171145194,171260095,171260097,171260098,171260103,171432377,171432378,171432379,171432380,205668946,210373642,210373645,212345302,224747824,224747825,224747827,234122055,234122056,234122057,234816347,234816348,260352159,260352160,277994920,277994921,283139845,283139849,283139851,283139853,292226852,292226855,303155251,303418708,311221056,311221057,331490565
|Н-03;Н-10|24424673,26430332,26430333,29316560,29316653,29316654,125326189,131407604,131407616,131407621,247274183
|Н-05|4424727,4424728,4424729,4434164,23503875,34073791,36925445,38186980,66318331,66318350,66318352,87024084,87024086,93413909,93413915,93413917,95127332,95127334,95127335,95132039,95132040,96386520,96386523,96415413,96415418,96783675,98360694,98360700,127571087,127621224,127622348,127622349,129194402,129196194,129196195,132128827,132128828,182781356,185646483,300527969
|Н-06|24447197,24506003,24506042,24506092,24506097,24506098,25050128,25050149,25050156,25050180,25050182,25050196,27712737,27712740,27713205,27804238,27804240,36724668,36724669,36725110,36725111,36725113,37139748,37139749,37295071,37295072,45838564,45838585,95926670,95926671,102993528,102993531,126419893,126419894,126822823,126822824,129778642,129778644,129778649,130002592,130003307,130003308,130004805,133006549,133006552,133006554,133006556,133006560,133006562,133006565,133006566,160192202,188262439,188263817,188263822,188263824,188268563,188268564,199151076,199151077,291536906,311811627,311811631,311813589,311815289,311815290,312120312,329033619
|Н-07|28598813,28598858,28599084,28599262,28599458,28599484,28599493,28599507,28599508,28599509,28599510,28604313,28604398,28604399,28621264,28621303,28621401,28621470,36779683,37936067,37936068,37936069,54724173,83599394,89412062,113726249,113726261,113726271,113726273,113726278,113774858,113774861,115573651,115573656,136843402,137722000,137722001,137722323,137722326,137722335,137722339,137722906,137722907,137722908,137722909,137723161,137723165,137723360,137723362,143232844,144723803,149932808,153653682,153653685,160244803,165049755,165049756,165049760,168141792,168141793,168141794,168141795,173221911,173221912,173221913,173221914,176623772,176623773,184728434,184728435,197954255,197954256,228945342,228945343,229861233,231191936,231191937,237482294,237482295,238664434,238664437,239156040,239156041,244184036,244184038,249088719,249088720,254827436,254827437,308958503,308958504,316223910,316451243,316451244,316594986,316594988,318452774,318452775,318508849,318508850,330188245,330188246,330188431,330188862,335173992,337143343,337143344,337143345
|Н-08|4422182,4422183,4422198,8499314,23549667,23566454,25482495,25482515,26544170,26733181,27278645,28507166,28507171,28600854,28604652,29012440,29012502,29497273,29497274,29497351,29497495,30909489,30909490,30909491,30997968,30997970,31012462,31127062,31614165,33424171,36553977,37286024,37286052,37286057,37286059,37286060,37286061,38209090,38209094,38209136,38209137,38209138,38209193,38209195,39227919,40117689,40117701,40117702,40158062,41014845,43105173,43105175,43105178,43115283,43115284,43170357,43170358,57014787,57014793,57014794,57014795,57035329,57035331,57035334,57035335,57894066,68390933,68390967,91085819,104040851,104040860,111501804,112612556,113284748,113284750,113856889,113856892,113856895,113856899,113856910,116632755,116882971,116882973,116882976,117222220,124884643,125509475,125509476,125509478,125509479,125509511,125509515,125509518,125509522,125509523,129630250,129630254,134899117,134899118,134899146,136300995,136300996,136301063,136301064,138322591,138322592,139453004,142676652,142676660,142676661,142676662,142676664,142676665,142676666,142676667,142676668,142676670,142676671,142676673,142676674,142676675,142676677,142676679,142676680,142676682,142676684,142676687,142677047,142677048,142677049,142677051,142677052,142677053,142758605,142758608,142758609,142758611,143258363,149917706,149917708,149917709,160264947,160264954,160348227,162868221,162868226,162943144,162965434,162965441,162975639,162975643,162975655,162975656,162975657,163070543,163070545,163080374,163929286,164444109,164955349,169098608,169098610,169239251,169239252,177530437,182031332,184327338,187900537,187900538,187900539,188066775,188939984,188939988,195325003,195325004,195336286,196844851,196844869,196844872,196844875,198421045,198423686,198423688,198423690,198423696,199702186,199702188,199702189,199702190,199702191,205403602,205403603,210282115,210282117,213848575,220631770,225412347,225412349,226883147,226883157,231703229,232038315,232038316,236329874,236486971,252782690,252782691,252782949,252782950,256223972,256223973,259323642,265273219,265273241,290601178,290601184,290601187,290601194,290601196,290601200,290601205,290601209,290601213,290601217,290601222,290601226,290601234,300075355,300075356,300075357,300075358,302145122,302145124,302145125,302145127,306334758,307837037,307926600,307967926,307967927,307978431,310350615,316990749,316990750,316990751,316990752,316990753,316990754,326552025,326552028,326594889,330378005,334672096,337741864
|Н-09|23251320,24202686,26037513,26050119,26104474,26104682,27517041,28758472,28758591,33058819,34749710,34749713,34752085,34752101,35960376,35960377,35960378,35960379,35960380,35960381,35960382,35960385,35960387,35961677,35961679,35961681,35961682,35970207,38790465,39016880,46998878,73187823,74816946,74816947,74816948,74816949,74816952,74816953,74816954,80608255,80945158,80945161,80945280,80945283,80945509,80945553,84975425,84975426,88299272,88299301,88299425,88847696,88847697,90919037,90919043,93174541,93174544,93253558,93253560,97474072,97597868,97597879,97835764,98459770,98459775,98459783,98459786,103203922,103203924,103203926,103203931,103203939,103203944,103203950,103203955,103203968,103203981,103268056,103268057,103268064,103268067,103268069,106757783,107980188,107980189,107980192,112318095,112318215,112318216,126669947,126669948,138213143,138213144,138297643,138297644,138297645,138297646,138395025,138395026,138395027,138395028,138395029,138395030,138566290,138566291,138582127,138582128,138582130,138582134,138582139,138582141,150908301,151075470,152999954,153062296,153062302,155050027,155050028,155050030,160026480,160026481,160026484,161404476,161404477,164790848,165664473,166540012,166540013,168837423,168837424,169232380,171672696,171672698,171672700,171672704,171672705,171672706,171672707,171672708,171672711,171672712,171672714,171739029,171739030,171739032,172203027,172203028,172203029,172203030,173202461,173202462,175467586,175467587,183016656,183016657,183052961,183052962,183415085,183415086,183570773,184922548,193489607,193489609,203292535,203292536,203352254,203352255,203891878,203891879,204029977,204787719,204800815,204800819,204800821,205050024,205050025,210593052,210593053,222132845,223819251,223819252,226442230,226442231,226638937,229185324,229185325,229185326,229185327,229509040,229509041,230815017,231063570,231063571,239428145,239428146,240163592,240163593,243063489,243560232,243560233,243572391,244700649,244700674,246698665,246698666,254039819,254039820,254039823,254039824,254039825,254039826,254040789,254040790,254040791,254040794,254040795,254040796,259581439,261676134,261676135,266899531,266899532,278573565,278573566,278609033,278609054,278609057,279360367,279360368,279399653,279399656,285189474,288764270,288764272,288764275,288764277,288764282,288820227,288820228,289034237,289051400,289051401,293714008,293714009,293714010,293714011,293863486,293863487,293863488,293863489,293881535,293881536,293946001,293946002,294030664,294030667,295338944,295338945,297027390,297027391,297027392,297027393,297027394,297027397,298875676,298875677,298875684,298875685,306656902,306997739,306997740,308186849,308186850,308186851,308186852,308186853,308186854,308186855,308542022,308542032,309054564,309054565,309054566,309054567,311381565,315431721,315933768,327107369,327107370,334468637
|Н-09;Н-10|125326187,295338946,295338947,295345831
|Н-10|23537827,23581825,23581828,23581883,24379339,24379482,24423737,24423776,24696495,24795479,25416958,26174215,26174216,26189194,28726926,28726928,28726930,28727230,28727232,28727246,28728063,42485054,42485073,42486591,42486592,44061564,47812114,48227877,48227878,67306973,67307044,67810767,67810794,68195834,74865497,77365923,78181762,86626841,97213324,97213328,97213331,97216645,107959923,113427016,122573420,128398138,128398139,128398153,128398154,129761924,129761925,131474575,131475366,131475367,131475372,133141988,135176640,137053353,137053354,138246373,139915605,152452194,152452195,152982204,152982205,152982206,152982207,152982229,152982235,152982239,155026643,160606786,160606793,160918001,160918002,160918004,160932153,169068805,169068806,169068807,169068808,169082839,169082840,169082841,169082842,169082843,169082845,169082846,169082847,169110666,169110672,169125547,169125548,169344531,169344532,169405539,169405540,169411636,169411637,169444816,169444825,173119296,173119298,173608661,179484710,179484711,180706097,181363009,181363011,181862722,181862727,183063284,183063285,183074349,183403736,183403737,202940046,202940047,212462905,212462908,212494688,212494692,212494693,222880773,222880774,224872353,224872354,226131890,226131894,227826801,227826802,228721401,228721402,228849855,229088078,229088079,229088080,229088081,230995124,230995125,233540495,233540496,234836296,234836297,236229971,236229972,236229973,236229974,236229975,236258136,236258137,236258138,236258139,236258140,236258141,236258142,236258143,236258144,236258145,236258146,236258147,236258149,236258150,236258151,236258152,236258153,236258154,236258155,236258156,236258157,236258158,236258159,236258160,236258161,245622968,245966256,245966257,255756247,275604619,275604859,275605803,276145673,276145674,277581687,277581690,279651884,283097002,283097003,283097004,283100026,283100027,283376548,283376549,283510380,283510381,283510382,284152227,284152229,284152231,284152233,285189476,285478671,285556258,285556259,286051160,286221302,286221303,286221304,286223398,286319742,286319743,286319744,286319745,286319746,286319747,286319748,286319749,286435276,286435277,286435278,286435279,286435281,286435284,286435285,286435286,287892107,287895956,287895958,292217418,292217419,292217420,292980737,292980738,293428922,293520146,293520148,293521707,293574848,293728518,293863492,293863493,293863494,293863495,293863497,293863498,293863499,293863500,293863501,293863502,293863503,293863505,293863506,293863508,293863509,293863510,293863512,293863513,293863516,293863519,293863520,293863521,293863522,293863523,293863524,293863525,293863527,293863532,293863535,293863539,293863543,293863544,293863562,293863569,293863573,293863576,293863578,293863579,293863580,293863588,293863590,293863592,293863593,293863594,293863595,293871220,293871221,293871222,293871223,293871224,295338949,295338950,295349814,297121728,297121729,297121730,311052169,311052170,311052171,311052172,311052173,311052174,311052175,334474439,338613360,338613361,338613363,338613364,340251848,341459079,341552252,341552253,341860864,341860867,341860874,341860875
|Н-11|34573626,34573632,38212077,39503501,39503502,39503504,39503505,40426897,40426898,40428912,40428913,40750380,40750513,40750526,40750534,40750548,40750550,40750826,41383917,67068542,74796980,74796994,103422710,107535172,107628824,107681779,107681789,107681811,107681818,107686019,107686033,107686052,107686055,107792421,107792518,108071592,108071593,111542245,111542250,112190885,123178859,123178861,123178905,123178910,123455784,123455785,123455786,123455787,142154881,142154882,142154885,142154886,142154887,142154890,160329964,160329973,184622752,187166371,187166372,208431483,208431484,261745651,261745652,261745653,261745750,261745752,261746254,261746255,261746256,261746257,261746258,261746259,261746260,261746703,261746704,267329308,267329309,292674696,318393851,318393852,321520353,339103445
|Н-11;Н-23|30413611,30413612,34573639,37428139,37560657,38217624,39596478,40546896,40553233,40553234,107583687,107583700,111996242,115193883,160329962,236640711,322475627,342447343
|Н-12|34879743,35429755,35429762,37936073,37936924,38887426,38887427,54954887,57997734,57997735,57997737,72958303,81204105,81204106,81204107,81204108,81204109,81204110,89546812,111437215,111437222,111437231,111437240,122995921,123315534,124087841,128916085,128916089,157709634,157709637,160971162,164380096,164380097,164380099,164380103,165726840,165726841,166617263,166617264,166617265,166617266,168115777,168115778,169870162,169870164,173484105,173484106,178290522,178290523,178292837,185421743,185421745,186759493,186759496,197687933,197959881,197959882,198029278,198357121,198723178,198724054,198978023,199192660,199192662,199252667,199252668,207577551,207577552,207577553,207577554,207577555,207577557,207577559,207577563,207577568,209268399,209992097,209992100,211359311,211359312,211359313,213900053,216808883,216808885,218370312,218370313,218370314,218370315,218370316,218370317,218370319,218370320,218370328,218370331,218370335,218370338,218370342,218370348,218370350,218370356,218728026,218730829,218730830,218867532,218867541,220952739,220952740,223461046,225726281,225726282,225726283,225726284,230567616,230567619,241114343,249994250,249994251,260537165,266855068,269388976,269388979,269388983,269388986,279450328,279450331,292294626,292294630,297369131,297369132,312998359,313049949,313049950,335237911,335237912
|Н-13|28537236,28537326,28538455,28538518,28538578,28538625,37279468,39724876,48980116,54690158,54690159,54690160,54690161,54690162,67350917,73073447,121520653,121520654,142089909,142089910,153677415,153677416,166257726,166257727,166368784,166368785,166368786,166368788,166511507,167449430,167449431,167590382,167590383,167861626,168867809,168867811,175153851,175153852,175153853,175606490,175606491,175606498,175606500,189530796,189530798,189530799,189530800,189530802,189530803,189530806,202867214,202867215,202867216,202867217,202867218,202867219,202867220,202867221,205503945,205503946,206018681,206018682,206018683,206018684,207088961,222877421,222877423,222877424,222877427,231750101,233564015,233564016,233564017,233564018,236002565,236002566,236002567,236002568,237976974,237977028,238424190,238424191,238424192,238424193,256189323,261249052,261249053,261413524,261413525,264415941,264415942,272378762,272378763,273475062,273475063,287516096,287516097,303781699,303781700,305516985,305516986,315445666,332025884,332025885,332707386,332707387,334309107,334309199
|Н-14|23210814,34756818,67777984,80924048,81850739,85062781,85062785,85063516,94329148,103312413,103312419,103359203,114883274,114883277,114883286,114883299,114883308,114883311,114883323,136646841,136646852,136646853,138103299,138112730,153686664,153686667,153686669,153686674,156579604,156579605,156579610,156579611,160341761,160341762,186153832,186153835,202664601,202664602,203325706,203325707,204427510,210590383,211027104,225073251,230823097,230823103,230823107,230823110,235282092,235282093,235282094,235282095,238540351,240829570,244606443,244606449,250718824,250719880,250719881,250728456,250775803,250775804,251163050,251302381,251302382,255179237,267715136,284406469,284406472,284406473,284406474,290911559,290911560,317246096
|Н-15|9365596,24570340,24570452,25661924,25661928,25841548,25841637,25841641,25841670,26382597,26382599,27889191,57035326,57035330,67588496,75116392,112966966,112967631,116798934,116798935,116798936,116798937,189225035,189225037,195432428,195432429,195432430,195432432,195432433,195432434,195432437,195432438,203155768,203155773,203155774,203155776,203155777,203155779,203866048,203866050,203866052,203892209,203892210,223279025,223279028,232555260,232555261,232555262,236970594,247200751,247252227,247252228,248979618,261927544,261927545,278587539,278587541,294862045,294862055,295357320,295357326,296904336,297373539,297401949
|Н-16|28506519,30385184,38209092,38209093,38648578,38649424,38650619,38650812,38650907,38651069,38651207,38651211,38651369,38651410,39470954,42129728,42129731,42487310,42497303,42929462,42929464,59836357,59836360,59836365,59838276,59838277,59838278,59838281,59838283,59838284,59842621,59842628,77913365,77913366,83238507,83238510,83238512,83238513,83238515,83238523,114525654,114525656,131300172,131300173,136295042,136295043,137957933,137961221,137961222,137962763,137962764,137962767,137962770,137964165,137966113,137969069,137969075,137969078,137969081,138150441,138150444,154550212,155477931,155477932,157987124,157987129,159388529,160174911,162092997,162092998,174312264,174312281,174312283,174312285,174312289,174918121,174918122,174918123,174918124,174918126,174918155,174918156,174918158,174918160,174918164,175077991,175077995,175078000,175078001,175078002,186484969,186484970,186651882,186651883,186651884,186651885,195778599,195778602,228481548,228481549,292068990,292858940,292858944
|Н-17|40641260,51894416,51894427,54930987,79418064,79418065,81604206,83134015,83134016,83521138,130175303,130175304,144308367,144308368,151507159,151507160,154481691,159298047,159298048,162151823,162151825,168694269,168694280,170590841,170780640,170780641,171856854,172007800,172007801,176974209,177365104,177365105,177643740,177643741,177644527,227919096,228045100,228045101,232053618,232053620,233848551,233848553,239809706,239809707,239809708,240226682,240226683,240226684,261448777,314192636,314192637,314192638,314192639
|Н-18|41039083,41039084,41039086,43620118,80608252,125347131,150768057,172533555,172550012,172550013,173935092,217876512,236229981,237200971,288772950,288772951,288772952,293810633,293810635,293810636,293822807,293822808,293858239,293858242,293858248,293858249,293858253,293858273,293858275,293858278,293858279,293858280,293858281,293987247,293987249,293987250,293987251,293987252,293987253,294240934,296965892,296965894,296965896,296965897,296967327,296967328,296967329,296967330,296967331,296967332,296967333
|Н-19|24203954,24443382,24443755,26693835,26693836,33899362,35598590,35598591,35598724,38169216,38169219,39460847,39460849,106626272,106626300,107687600,107687607,129767256,129767261,130004799,130004800,130004801,130989029,131487248,154286445,173599549,231749238,236358554,236358555,267284028,267284029,291536895,295947591,295947592,295948766,297146582,297152058,297160784,297170185,311828500
|Н-20|23495846,24244864,24578710,24578711,24643262,25292736,25661932,25760928,25830100,25841593,25841594,26241827,26241828,26750036,28961281,28961282,34374107,34570036,37064608,39661843,39661844,39661845,47574812,47574813,47575064,47575065,47575066,47575067,67552024,67553228,67553229,67553230,67553326,67553372,67566888,67588284,67588332,67588334,67588426,67588429,67588498,67588499,67589422,67589427,67591024,67591026,95241442,101587130,101603973,101603974,101605758,101605760,101605765,101605781,101630511,105200069,105589416,105589421,115848106,115848127,115848145,115848147,116800751,116800755,116800757,116800758,116800760,116800761,116800764,120656330,120656331,121174938,121174939,121174940,121261841,121656923,121656924,122218460,122218461,122218462,122218463,124097956,124097957,126624575,132628298,132628306,132628378,132628389,132628390,132634065,132634070,132634071,132634075,132634077,132634082,132634084,132634086,132693787,139839516,139839518,139839521,139839522,139839523,139839527,139839528,139839532,139839533,139839541,139839542,140003693,140003698,140003701,140003704,140003708,153995459,153995460,153995466,153995469,153995481,159511353,159511357,159511358,159511359,159511360,159511362,159511367,160485061,160485062,160515273,161287264,161287266,161287269,161432887,161636930,161636931,172516866,172516867,172516868,172516869,172516870,172516871,172516872,172516873,180447212,180447213,180447214,180447215,185588053,185588215,185588357,187731704,217538651,217538656,217538658,217538659,229066555,231689427,231689433,232209676,232555263,253356013,253356014,253356015,253356016,257355003,257355004,257355007,257355010,257355017,267488597,276043957,293694910,296952383,296952384,296952385,296952386,296985406,297226689,297226692,297226695,297226701,297427623,297489786,297489787,297489788,297497581,297497582,297497583,297497584,299105823,310693773,335603171,335603176,335603178,335603179,335603182,335603187,335603192,335603193,336153128,336153130
|Н-21|23447415,23447427,23483073,24467932,24565977,24566026,24643302,24643303,24643306,24643310,24660961,24660963,25162908,25710819,25776551,25776710,26381093,26588444,27448530,27448531,28859177,28859182,28859194,28859214,28859233,32762654,34777571,34777575,36806495,36806688,36806689,36806692,36806694,42991787,42991789,42991790,42992004,42992005,46848865,50878918,80264832,85380083,85380085,85380090,85380093,85405264,85405265,85405266,85405267,115552367,115552370,115552372,115552373,115591549,115591550,124787756,125201844,125201845,127169383,127670763,135514686,135516989,135516990,138963824,139257498,139257527,139726198,139749362,139749363,139749364,143058771,145096709,170392887,170392888,170393547,170759256,170759257,173496181,173496182,173496185,173496199,176641288,176641291,176641292,184543923,184544077,184544355,184544532,185814623,190398005,194619591,196197820,199494696,199494697,203970084,207004098,207004099,207245980,207245984,217399609,217399610,218884774,223756578,223756579,224207774,232801237,232801238,232801240,232801241,238306116,238306117,238306118,238306119,239860307,252122237,252172648,252277718,252278252,252279167,252279168,252279170,253496227,256320372,256320375,264571209,265606636,272293769,272529900,272530503,279935246,279935247,279935248,280799784,280799786,287993142,294799735,297011010,303355413,303355415,317667424,325394769,333517283,333518967,334193547,334415554,334420435,334420436,334420437,334420440,334425168,336419172
|Н-22|23182244,23977880,24162366,26123326,35711678,51894417,51894418,51894419,51894420,51894425,51894426,55717948,55717949,55717951,55886235,55886238,55886240,55886241,58945075,58945077,61895550,67130613,67130617,67130618,67219580,67219581,67219583,67219593,71216823,73093223,73093226,78242257,78242259,79433397,79433398,81133289,81133291,82531984,83045633,83045647,83180604,83180655,84585535,84585556,103648671,103648672,104129072,104130395,126473762,126473768,129748126,129748127,130175306,130175307,130853454,131621064,131621069,131621071,131621082,131621085,131621086,131621689,131622259,131622262,132405511,137085483,137085484,137085487,137085488,137087002,137088580,137088581,137094367,137205733,137205736,137299468,137299469,137299473,137299475,137307741,137307742,137308075,137309194,137310037,137310038,137311056,137311057,137311058,137312287,137312288,137313465,137313466,137313467,137379740,147206969,147206975,147206980,147301690,147301693,148803331,148803343,148818641,150177711,150177712,151745332,151745333,154481688,157725785,160193082,160193083,160407966,160407972,160657863,160677328,160713498,160713502,160948155,162660587,168909345,168909346,170980035,170980036,170980037,170980038,170980040,170980041,171355227,171355234,173467492,196113563,196113564,196201653,196201657,225813535,228959954,228959955,228962786,228962787,228962788,228962789,228962790,228962791,228962796,228968053,228968054,228968055,232053616,232053617,232053621,237986118,237987046,237987054,237987057,237987062,237987064,238236610,243028338,243028339,243028340,243279342,255477943,284269277,284269278,293153995,293153996,315610215,333497484,333497485,336722747
|Н-23|4422185,28523168,30413614,30413615,31099258,31099266,31139448,31778249,31778267,31778273,41384356,41384357,41384577,41384578,104040845,104040846,104040849,104228178,104228180,107686025,107686029,107686053,107686056,110204950,110204952,111996273,112190779,112190802,112190892,112446293,112446308,112449666,112567593,112567596,112567599,112567606,112567671,112567679,112567689,112567695,123178862,123178903,125392872,125392873,125392874,125392876,125392877,125392878,140310918,142710575,142710896,142713078,149227828,149227830,150883689,152791902,156810013,156810014,160345301,160345311,160345313,162989858,162989859,173095030,173095031,187931811,199621741,199621742,199631297,199631303,202816585,202816598,214767696,215094451,215094452,215198524,215198525,215198526,215198527,215198528,215198529,215759945,216082695,216082696,218504275,218504277,235854569,235854570,235857606,235857608,236482364,236482365,238772816,248218840,248218843,266386285,266386288,312186576,312186577,312186578,312186579,312275772,312275777,312275779,312275781

reg_ref:
Р-07|Р-07;Р-66|307573460
Р-07|Р-66|42897768
Р-07;Р-66;Р-66|Р-07;Р-66|128439719
Р-66;Р-66|Р-66|305848295,307573461,332686888,332686889
|А-23|32805876,39188412,39188762,45064764,87927881,87949914,91641480,97508691,97509100,97837396,98579979,98579995,161151700,161151702,161165293,161167713,161249344,178237941,178237942,198656354,198656355,216023832,216023834,223923452,223923453,224092879,224092880,238082989,238082990,238215647,238215651,246316041,246316044,246867423,246867424,246867425,247156269,254681299,264416887,264416888,264416889,264416890,264416891,264416892,264416893,264416894,264416895,264539170,269142381,269142382,301305125,301402107
|О101203|325238884
|Р-04;Р-32|41731382,41731383,41735428,41735431
|Р-14|40641260,51894416,51894427,232053618,232053620,261448777
|Р-20|297121732
|Р-21|35960379
|Р-23|77190592,97508692,97837393,97837395,97837397,107269782,238081976
|Р-27|24447189,83300297,129767280
|Р-31|288911993
|Р-33|271446708
|Т-04-06|112670126,112676988,113953402,125067396,161548660,161548662,236329003,236329004
|Т-04-06;Т-04-27|238826505
|Т-04-06;Т-04-28|112670869,113953400
|Т-04-08;Т-08-03|34228954,110189732,126419897,159401218,159401267,159409380,161802952,161802953,235970575,235970576,237878189,297483794
|Т-05-04|25032653,25673629,25673630,34002504,34389640,34389641,42749059,54490619,93244307,93244308,109577112,109577113,109577114,109577559,109577561,110681823,110681824,110681827,111973123,111973124,111973125,111973126,112408878,112408879,121545343,121656927,121656936,121656937,121656951,124097959,124097971,124097974,124097978,126832255,126832256,132628368,135032389,135032390,140038244,140038245,140038252,168235166,168235714,170513903,207184835,208462432,246348946,256626087,256626088,262046939,262672546,296902225,296922347,297445675,334109936,334162327,334529938,336911117,336911118
|Т-05-05|116725279,116725282,116725286,119965151,146820086,146820087,149523949,149523952,150073262,243104010,295427766,295427767,295427768,295427769
|Т-05-07|111415358,136412360,136484227,136484231,136494422,137817971,137817976,137818000,139230928,139230940,143058796,146345620,193058886,193058887,193058889,296950951,300813750,300814141
|Т-05-08|24548294,25315886,26242004,26242007,26242035,26242036,26242038,26242082,26242085,26242114,137572486,165938368,165938369,186109601,186109602,238927032,238927033,263331822,278587486,279740721,279740740,304122639,304122640,329897492,335832162,335832165,338036088,338036089
|Т-05-09|34374106,34374120,34499448,116823311,116823318,116829152,116829184,139125649,143058765,143058766,143058772,158834923,158834925,171045031,171045032,171268126,171655752,171655753,193058885,296952382,297335985,297335987,297455495,310063163,310063164,333590319,335882783,335882785,335882786,335882787,335885630,335885631,335885636,335885637,335885639,335890709,335890714,335890716,335988007
|Т-05-10|122706439
|Т-05-11|135747109,135751809,166120385,182915212,296976756
|Т-05-12|25212560,25212561,107824762,107824763,107824765,116690314,232557058,252924311,263331823,335832160,335832161
|Т-05-13|25213789,26828158,30884223,114972902,125438229,127375827,182221618,192428877,192428880,236537016,236537028,236537046,248400784,255387482,262046938,268913096,290855278,291733216,291733227,296052014,296920915,296920916,296920918,296920921,296996108,297139998,297380216,334155823,337175497,337175498
|Т-05-14|44867372,120208827,120208829,120208830,120208834,127375831,154830704,154830787,161420728,171207724,171859854,171859855,228984000,262813274,262813278,310416139,310416140,310416141,310416142,310416144,335737604,335737605,335737606,335737612,335737615,335737616,335737617,335737618,335737619,335737620,335737621,335737622
|Т-05-15|130055216,130541422,130541428,130547256,130547260,166709955,166709956,166709957,168673614,172383689,172914796,172914810,172914842,172914847,172914956,174464174,178310929,188868727,188868730,188868737,193521808,211732563,245843352,245843353,297445679,299047866,299125625,302549875,316174677,316174679,333591949,334778819,334838349,334838350,335991571,335991574,336075060,336075062,336075063,336075072,336075073
|Т-05-16|87966414,87966415,87966419,87966423,87966441,140226128,296052351,296995236,297316031,297316035,297316043,297316048,336932678
|Т-05-17|115549101,115549102,117483779,117483780,117483782,117494236,117494237,145280159,191544294,299126657,330419464,336329229,336329248,336329251,336594635,336594638,336594655,336713081,337117181
|Т-05-18|130872004,142817532,148787530,171769990,171769992,171777765,171783135,171783136,171783137,171783138,171784112,203155849,223272650,223279024,270891471,301164300,333539446,333539448,335673650,335839002,335839006,335839007,335839008,335839009,335839010
|Т-05-19|27890615,42994496,116099090,142907502,232249361,263331824
|Т-05-20|67584767,189604231,189604232,294597198,294597199,294600201,294786583,298609652,298625705,298625709
|Т-05-21|25213812,168905715,168905718,336735312
|Т-05-22|110156280
|Т-05-23|24241236,24241246,24241247,24241254,25953917,38348139,101607060,101851849,101851863,126623689,159401238,202399209,202399211,202399217,263931310,297243319,297243321,299383133,304030228,335626101,335626107,335673651
|Т-08-03|27323393,126623698,126623702,159401188,159401192,159409387,159409390,161805209,161805212,163063526,172637675,266038251,266038266,297350458,297483796,332254628
|Т-09-01|173935092
|Т-12-02|4422185,31778249,31778273,41384356,41384578,104228178,107686025,107686029,111996273,112446293,112567671,112567679,112567689,112567695,123178862,125392872,125392873,125392874,125392876,125392877,125392878,140310918,142710575,142710896,142713078,149227828,149227830,150883689,152791902,156810013,156810014,160345301,162989858,162989859,173095030,173095031,199631297,199631303,202816585,202816598,214767696,215094451,215094452,215198524,215198525,215198526,215198527,215198528,215198529,215759945,216082695,216082696,218504275,218504277,235854569,235854570,235857606,236482364,236482365,238772816,248218840,248218843,266386285,266386288,312186576,312186577,312186578,312186579,312275772,312275777
|Т-13-02|36819302,37899939,42772501,45672602,45672603,45672605,72658270,94255348,94342038,94342039,94344554,94344555,94608183,111813819,111813820,111844962,112325386,123910233,127571313,127571319,127670759,127670770,131447389,131484681,131484683,131484685,189278456,189278457,189405195,189405196,208462436,225234106,234449639,234449640,250768142,256990542,256990543,256990544,256990545,303385477,317338995,317338996,334090865,334090866,334090875
|Т-26-04|24424824,24796220,199199156,251587089
|Т-26-06|24795493,24795495,24795503,71864999,71865332,131874742,131874746,138246356,138246359,138246366,230098419,230098437,230682377,230682424
|Т-26-07|27104454,70316314,70317397,138246365

loc_ref:
Т-06-12|Т-06-12;Т-23-09|160505092
Т-12-17|Т-24-02|168200254
Т-13-07|Т-13-02|111813819,111813820,127571313
Т-14-07|Т-14-17|35640248,226638935,226638936
Т-14-15|Т-14-18|54690162
Т-14-15;Т-14-18|Т-14-18|39724876,48980118,54690161,54690203,130187151
Т-19-01|Т-19-01;О-191510|249800865
Т-19-13|Т-19-13;С-191324|318853351
Т-19-20|Т-19-20;С-191221|317874913
|C-190701|236730018,239713674,239713675
|C-190702|216876021,216876039,239713676,239713677
|C-190871|165616723,284832424
|Т-02-14|35101650,288911995
|Т-02-30|147271208
|Т-03-09|285957595
|Т-04-01|238925115
|Т-06-01|136745750,136843955,163487635,163487636,163715075,206486361,206486362
|Т-06-04|168948477,237676677
|Т-07-07|61274656,126923653,126923655,127240896
|Т-07-19|27517041,246698665,246698666
|Т-07-26|122398382,236260906,236260907
|Т-07-35|86166353
|Т-07-36|165955587
|Т-09-05|160606786,160606793,169082839,169082841,169082842,169082845,169082846,169082847,245966256,245966257
|Т-09-09|297121735
|Т-09-13|24940252,34844198,43620166,43915546,172205504,172205505,217876514,217876516,217876518,217879188,237200980,293987254,293987255,293987256,293987257,293987258,293987267,294001357,294001358,294033379,294033382,294033385,294033388,294033393,294033397,294162682,294162683,296617574,296969171,296969172
|Т-10-04|259227811
|Т-10-26|334185392
|Т-12-02|31778267
|Т-13-02|43138603,43138610,297484150
|Т-13-11|110302886,121727906,163071842
|Т-13-12|108546557,111698527
|Т-13-22|110297999,110300229,110300703,163071843,163071844
|Т-14-18|153326456
|Т-14-19|175560007
|Т-14-23|222877432,222877433
|Т-14-25|178311781
|Т-17-06|160337002,160337003,164380101,164380104,175135575,175135580,202459950
|Т-18-02|285940433
|Т-22-09|266285482
|Т-23-09|41700900,160505095,310082645,310082646
|Т-24-13|136431804,136431834,209828812,211857337
|Т-25-04;Т-19-16|40404747,276842702,276842703,276868592,276868594,276871676
|Т-25-22|61569186,168164301,168164304,186275548,225566088
|Т-26-01|42485089,70316313,70317398,81041912,132223905,132223906,142771738,142812262,142812266,142812268,142812273,224857160,224857161,224857162,224857163,224857164,224857165,224857166,224857167,224857168,224857169,224857170,224857171,224857172,224857173,224857174,224857175,224857176,224857177,224857178,224857179,224857180,224857181,224857182,224857183,224857184,224857185,225277028,225277032,227711983,227711996,228831895,228831904,229057178,229057181,229057183,229057184,229096681,229096684,229096687,229096688,229824594,229824605,229959396,229959406,230754710,230754718,312959000,312959001,327163038,327163039,327163040,327163041
|Т-26-02|71179448,71179454,71179455,222890323,222890324,222891338,222891339,226987015,249597112
|Т-26-04|24423569,24795489,24796111,33488043,33488045,70612346,121252891,138246369,260771452,260771454,293263758,293263764,334836583
|Т-26-05|24423402,24423503,76020639,138246367,194147080,314022317
|Т-26-06|24795486,138246368,203244647,203244653
|Т-26-07|70316315,70316321,81041936,114039521
|Т-26-08|71864994,121252890,131874743,131875150,131945769,131945770,131946272,131946273,132120251,132120260,183304165,183304253
|Т-26-10|24818255,50537315,160932142
|Т-26-12|24795469,245669445
|Т-26-14|27195417,139915692
|Т-26-15|160932146,327517010
|Т-26-16|118329433,118329439
|Т-26-17|216748736,218466791,251595620
|Т-26-18|121137770,181306771
|Т-26-19|42485095,160932153
|Т-26-20|71864996,260784998,260784999
|Т-26-25|121252886
|Т-26-26|160932150,229889959,229959400,229960563,229960564
|Т-26-27|121251004,243056231,243056243

highway:
М-02||trunk|trunk_link|136841983
М-03||trunk|primary_link|80946330,80946352,80946355,80948578,80948592
М-03||trunk|trunk_link|23297235,31119073
М-04|E 40|trunk|construction|27995140
М-04|E 50|trunk|trunk_link|38723162,67567401
М-05||trunk|trunk_link|235109184,235109185
М-06||trunk|primary|26131476,99746948
М-06||trunk|trunk_link|23251563,23251576
М-07|E 373|trunk|trunk_link|28224617,51799249,51799250,51799260
М-10|E 40|trunk|construction|24390924
М-12|E 50|trunk|trunk_link|39497233,297027387
М-18|E 105|trunk|construction|327143085
М-18|E 105|trunk|trunk_link|23916542,34547118,34547120,34547121,132614202
М-18||trunk|construction|41090140,41090154,41091836,41091838,74881638,74881652,159306146,159306148,182694823,182694824,199561377,199561383,278922983
М-18||trunk|secondary|33777999,250570014,250570015,250570016
М-19||trunk|trunk_link|173053009,240033979,240033980,299763019
М-21||trunk|trunk_link|149843733,149843734
М-22|E 584|trunk|trunk_link|113856882,160822064,176022985,188066777,188066779,211857335
Н-01||primary|primary_link|23508539,38657669,38657671,59692357,114671563,135398274,136333162,136333163,136333165,205079405,205079406,205079408
Н-03||primary|primary_link|24698487,32743583,37352266,59715173,74876720,91026819
Н-03||primary|trunk_link|23224780,70255814
Н-05||primary|tertiary|23503875,36925445,66318331,95127332,95127334,95127335,95132039,95132040
Н-05||primary|trunk|4424727,4424728,4424729,4434164,34073791,38186980,66318350,66318352,87024084,87024086,93413909,93413915,93413917,96386520,96386523,96415413,96415418,96783675,98360694,98360700,127571087,127621224,127622348,127622349,129117161,129194402,129196194,129196195,132128827,132128828,182781356,185646483,300527969
Н-06||primary|trunk|24447197,24506003,24506042,24506092,24506097,24506098,25050128,25050180,25050182,25050196,36723849,36724668,36724669,36725110,36725111,37295071,37295072,45838564,91631939,91631940,95926670,95926671,102993528,102993531,126419893,126419894,126822823,126822824,129778642,129778644,129778649,133006549,133006552,133006554,133006556,133006560,133006562,133006565,133006566,188256612,188256621,188256651,188256655,188259992,188259993,188262439,188262440,188263817,188263822,188263824,188268563,188268564,188277225,188277226,188277229,188277231,199151076,199151077
Н-06||primary|trunk_link|25050149,25050156,37139748,37139749
Н-07||primary|secondary|330188245,330188246,330188431
Н-08||primary|primary_link|31127062,38209137,38209138,40117701,40117702,125509511,125509515,125509518,125509522,125509523,142676666,142676677,142676679,142677047,142677048,142677049,142758605,142758611,163070545,176022966,307816182
Н-08||primary|trunk_link|28507166,28507171,116882976,142676664,142676665,142676673,142676682
Н-09||primary|primary_link|35960380,35960381,35960382,35960385,80608255,88299425,88299519,88299691,153080524
Н-10||primary|primary_link|28726928,28726930,28727230,28727232
Н-11||primary|secondary|112190885,160329964
Н-12||primary|primary_link|57997735,81204105,81204106,81204108,81204109,81204110
Н-14||primary|primary_link|85062785,114883274,114883299,114883311,114883323,153686664,153686667,153686669,153686674
Н-15||primary|primary_link|25841637
Н-19||primary|trunk|24203954,24443382,26693835,26693836,35598590,35598591,35598724,39460847,39460849,106626272,106626300,107687600,107687607,129767261,130989029,173599549,231749238,236358554,236358555,267284028,267284029,295947591,295947592,295948766,297146582,297152058,297160784,297170185,311828500
Н-19||primary|trunk_link|24443755,38169216
Н-21||primary|primary_link|85380083,232801237,232801238,232801240
Н-22|E 85|trunk|primary|173467492,225813535
Н-22||primary|primary_link|67130613,82531984,170980040,170980041
Н-23||primary|primary_link|28523168,112190802,125392877,160345313
О-030213||tertiary|residential|199706770
О-030640||tertiary|unclassified|203634977
О-030744||tertiary|unclassified|168713512,168713516,169517411,203398364,272767974,272767977,336840349
О-030745||tertiary|unclassified|272768915
О-030849||tertiary|primary|81595909,81595919,81595921,130175298
О-100107||tertiary|residential|125909212
О-100605||tertiary|trunk_link|37666448,37666450,37666451,176613193
О-100606||tertiary|unclassified|73511626,240691434,240691435
О-101004||tertiary|tertiary_link|249594938
О-101004||tertiary|unclassified|125501895
О-101205||tertiary|secondary|59692364
О-101206||tertiary|secondary|122452560,158482075,158482099,286299897
О-102502||tertiary|tertiary_link|249594937
О-121803||tertiary|residential|210042101
О-1705066||tertiary|residential|156710671
О-190507||tertiary|tertiary_link|237352701
О-190510||tertiary|secondary|41646058,178033524,178033525,276866472,276871677,315744351
О-190706||tertiary|secondary|112759961
О-191404||tertiary|secondary|216598798
О-191514||tertiary|tertiary_link|250221034,250221035
О-191607||tertiary|residential|231383018
О-191708||tertiary|residential|251823578
О 17 11 141||tertiary|tertiary_link|329178951
О0512||tertiary|unclassified|303942651
О0540||tertiary|unclassified|301696079
О100719||tertiary|unclassified|49153439,53146697,74078774,74078787,74078882,75376881
О221408||tertiary|unclassified|211367587
Р-02||primary|primary_link|169836231
Р-02||primary|secondary|26968780,144760233,144760236,161354418,186614535,186614541
Р-02||primary|secondary_link|26968778,26968779
Р-02||primary|service|100975029,336680350
Р-02||primary|tertiary|29389356,336680341
Р-04||primary|primary_link|66862222
Р-04||primary|secondary_link|66862326
Р-04;Р-32||primary|primary_link|41731380,48951727,49070628,49070632
Р-05||primary|primary_link|74113143,74113144,74113145,74113147
Р-05||primary|secondary|210249147
Р-05||primary|trunk_link|99906429,99906430,105073942,114673430,114673431,171255651
Р-06||primary|primary_link|42611295
Р-07||primary|primary_link|306868062,306980076
Р-07||primary|tertiary|42751216
Р-07;Р-66||primary|primary_link|307573459
Р-10||primary|primary_link|70201313,210428817
Р-17||primary|primary_link|163715074,178293921
Р-17;Р-18||primary|primary_link|163715536,178293924
Р-18||primary|primary_link|163715076,178293923
Р-22||primary|construction|23897882,333811981
Р-22||primary|primary_link|76899416,114072377
Р-22||primary|residential|186095676
Р-22||primary|service|23897883,36931535
Р-24||primary|construction|173575233
Р-24||primary|primary_link|28760804,293574849
Р-25||primary|trunk|92372210
Р-27||primary|trunk|24446727,24447167,24816311,91658386,91658387,129767267,129767268,129767270,129767277,129767278,129767279,129767281,129786616,129786647,129786648,160192201
Р-27||primary|trunk_link|24447166,36725112,129767266
Р-30||primary|primary_link|62191232,147462913,147462924,147462931
Р-31||primary|primary_link|130853434,130853438,130853439,130853440
Р-32||primary|primary_link|41731387,41731388,41731389,41731390,41731394,47205127,130853433,130853435,130853436,130853437
Р-34||primary|secondary|40028575,108431041,164818289,164818296,319633109,331960851
Р-37||primary|primary_link|85899796
Р-37||primary|tertiary|142681207,313685099,313685143
Р-37||primary|trunk|231447866,231447867
Р-37||primary|trunk_link|235351810
Р-42||primary|trunk_link|169424045,169424046,339414740,339414743
Р-46||primary|construction|174908699
Р-49||primary|primary_link|72037535
Р-58||primary|secondary|27785101,64713501,111104062,293490329
Р-60||primary|primary_link|28601393,28601395
Р-61||primary|tertiary|56418720,56418721
Р-65||primary|secondary|114323615,170446923,288764146,288764160,288764167
Р-65||primary|tertiary|211254774
Р-65||primary|trunk|28521259,137721340,205724830,205724832,209523921,210114454
Р-66||primary|primary_link|24491327,305848297,306868063,306980077
Р-67||primary|primary_link|39389125,42398287,113726255,113726260,113726262,113726272,113726274,113726276,113775859,113795514
Р-68||primary|secondary|128554849
Р-68||primary|tertiary|168568249
Р-69||primary|secondary|93813059,93813073,93813105,105574639,105924136,144154973
Р-69||primary|secondary_link|105924148,105924157
Р-77||primary|primary_link|148479251,150257511,150257526,150257552
Р-77||primary|trunk_link|150257555,150257558
С-171963||unclassified|trunk_link|181067787
С-191020||unclassified|track|316451245
С141216||unclassified|tertiary_link|154010205
С141218||unclassified|primary|150103616
С200623||unclassified|secondary|161404474,170640432,170640443,171094958,171094987,171095028,174679028
С200623||unclassified|secondary_link|170640462,170640466
С200624||unclassified|secondary|27410501,27410509,171095022,171553432,171553438,174679029
С200624||unclassified|secondary_link|170640463
С201510||unclassified|secondary|185016047
Т-01-01||secondary|construction|91641310,174962292
Т-01-01||secondary|residential|91641314,91641319
Т-01-01||secondary|trunk|86379329,91711878,91842968,97138703,97138729,97138750,97138756,97138759,328391650
Т-01-05||secondary|unclassified|35599223
Т-01-07||secondary|secondary_link|73861938,269803732,269803733
Т-01-11||secondary|secondary_link|34228779,269803736
Т-01-13||secondary|tertiary|100854034,272212781
Т-01-14||secondary|tertiary|98330340,133656106,133656108,272252220
Т-02-14||secondary|tertiary|241931468
Т-02-19||secondary|secondary_link|284781881,284781883
Т-03-02||secondary|primary|55886236,130853453,131621067,142543689,196113561,196113562,196193086,196201652
Т-04-22||secondary|tertiary|314265576
Т-05-13||secondary|trunk_link|114972902,296920915,296920916,296920918,296920921,297139998,297380216
Т-06-03||secondary|primary_link|216216509
Т-06-05||secondary|trunk_link|134576378,134576379
Т-06-07||secondary|primary_link|73539815,73539817
Т-06-07||secondary|secondary_link|169662411,169662477,169662510
Т-06-14||secondary|secondary_link|150042405
Т-10-08||secondary|tertiary|61594735
Т-10-12||secondary|secondary_link|34930267
Т-10-16||secondary|tertiary_link|24996666
Т-10-18||secondary|secondary_link|155762783,157426962
Т-10-25||secondary|secondary_link|28191451
Т-10-27||secondary|trunk|188048985,214163689
Т-10-38||secondary|trunk_link|74666917,77047561
Т-10-39||secondary|primary|23492016,23492199,23511938,23511940,31647713,31647719,31647737,56224605,56224607,171031742,178238033,178284856,338365316,338365317,338365318,338365319
Т-10-39||secondary|primary_link|290397345,291273130,310108109
Т-10-39||secondary|service|4375118,290397344
Т-12-08;Т-12-19||secondary|secondary_link|180091713,180091715,180091717,180091718,180091723,202678753
Т-12-17||secondary|tertiary|176849499,333891401
Т-13-16||secondary|secondary_link|25955692
Т-14-14||secondary|secondary_link|23539318,23539322,23539325,24390756,24390792,24390843,24390844,138498910
Т-14-25||secondary|trunk_link|168852437,168852442
Т-17-01||secondary|tertiary|172302787,296757281
Т-18-20||secondary|unclassified|224544641
Т-18-32||secondary|secondary_link|123911401,123911405,170066772,170066773
Т-19-04||secondary|tertiary|88873402
Т-19-13||secondary|secondary_link|88873391,165719929,229231704
Т-20-02||secondary|primary_link|260585797
Т-20-15||secondary|residential|148190785
Т-20-20||secondary|secondary_link|31048641,31048642,31048644,150788322,172653532
Т-24-01||secondary|secondary_link|178319221,178319224,178319225,210470222
Т-25-06||secondary|trunk_link|93458278,93458282
Т-25-30||secondary|tertiary|167446761,168038921,168038926,168985179,168985180,174041429,174041431,185257482,185257483,185257485,185257486,185257487,187634389
Т-25-35||secondary|tertiary|107159809,107159816
Т-25-36||secondary|tertiary|166327010,226041732,226041746,226380214,226380215,227502757,227502758,227528949,227528950,238286623,238297162
|E 372|trunk|primary|282964643
|E 373|trunk|primary|83894685
|E 40|trunk|primary|23480095,23480099,23480102,23498489,23498492,23498530,23498557,26131541,27106917,31877973,31877984,31877985,32015631,32015632,37589758,97947893,97947895,97947898,97947903,110243692,111263686,121273157,136289666,136289667,136289669,166177647,166177649,166177651,166177653,166177654,166177655,166177657,166177658,166177659,178284863,192051498,192051499,214129213,217334427,217334428,217334429,330141014
|E 40|trunk|primary_link|23350799,23400731,23496997,31877972,42284013,42284014,109576192,121273097,244104744
|E 40|trunk|trunk_link|23297317
|E 40;E 40|trunk|trunk_link|23297320
|E 50;E 58|trunk|primary|76593130,142147931,227363103,227363106,227363108
|E 58|trunk|trunk_link|35818702,35818704,35818706
|E 87|trunk|trunk_link|25517609,25517614
|E 95|trunk|primary|25481424,56002675,56002676,122289380,163446292,163446299,172678636,186437541,186438330,186453486,231918104
|E 95|trunk|primary_link|25481463
|E 95|trunk|trunk_link|107469395
|E579|trunk|primary|122680438
