Different wiki-tags:

Place node not found:
3166624
3166625
3166626
3166627
3166628
3166629
3166630
3166631
3166632
3166633
3166634
3166635
3166636
3166637
3166638
3166639
3166640
3166641
3166642
3166643
3166644
3166645
3166646
3166647
3166648
3166649
3166650
3166651
3166652
3166653
3166654
3166655
3166656
3166657
3166658
3166659
3166660
3166661
3166662
3166663
3166664
3166665
3166666
3166667
3166668
3166669
3166670
3166671
3166672
3166673
3166674
3166675
3166676
3166677
3166678
3166679
3166680
3166681
3166682
3166683
3166684
3166685
3166686
3166687
3166688
3166689
3166690
3166691
3166692
3166693
3166695
3166696
3166697
3166698
3166699
3166700
3166701
3166702
3166703
3166704
3166705
3166706
3166707
3166708
3166709
3166710
3166711
3166713
3166714
3166715
3166716
3166717
3166718
3166719
3166720
3166721
3166722
3166723
3166724
3166725
3166726
3166727
3166728
3166729
3166730
3166731
3166732
3166733
3166734
3166735
3166736
3166737
3166738
3166739
3166740
3166741
3166742
3166743
3166744
3166745
3166746
3166747
3166748
3166749
3166750
3166751
3166752
3166753
3166754
3166755
3166756
3166757
3166758
3166759
3166760
3166761
3166762
3166763
3166764
3166765
3166766
3166767
3166768
3166769
3166770
3166771
3166772
3166773
3166774
3166775
3166776
3166777
3166778
3166779
3166780
3166781
3166782
3166783
3166784
3166785
3166788
3166789
3166790
3166791
3166792
3166793
3166794
3166795
3166796
3166797
3166798
3166799
3166800
3166801
3166802
3166803
3166805
3166806
3166807
3166808
3166809
3166810
3166811
3166812
3166813
3166814
3166815
3166816
3166817
3166818
3166819
3166820
3166821
3166822
3166823
3166824
3166825
3166826
3166827
3166828
3166829
3166830
3166831
3166832
3166837
3166842
3166845
3166846
3166847
3166848
3166849
3166850
3166851
3166852
3166853
3166854
3166855
3166856
3166857
3166858
3166859
3166860
3166861
3166862
3166863
3166864
3166865
3166866
3166867
3166868
3166869
3166870
3166871
3166872
3166873
3166874
3166875
3166876
3166877
3166878
3166879
3166880
3166881
3166882
3166883
3166884
3166885
3166886
3166887
3166888
3166889
3166890
3166891
3166892
3166893
3166894
3166895
3166896
3166897
3166898
3166899
3166900
3166901
3166902
3166903
3166904
3166905
3166906
3166907
3166908
3166909
3166910
3166911
3166912
3166913
3166914
3166915
3166916
3166917
3166918
3166919
3166920
3166921
3166922
3166923
3166924
3166925
3166926
3166927
3166928
3166929
3166930
3166931
3166932
3166933
3166934
3166935
3166936
3166937
3166938
3166939
3166940
3166941
3166942
3166943
3166944
3166945
3166946
3166947
3166948
3166949
3166950
3166951
3166952
3166953
3166954
3166955
3166956
3166957
3166958
3166959
3166960
3166961
3166962
3166963
3166964
3166965
3166966
3166967
3166968
3166969
3166970
3166971
3166972
3166973
3166974
3166975
3166976
3166977
3166978
3166979
3166980
3166981
3166982
3166984
3166985
3166986
3166987
3166988
3166989
3166990
3166991
3166992
3166993
3166994
3166995
3166996
3166997
3166998
3166999
3167000
3167001
3167002
3167003
3167004
3167005
3167006
3167007
3167008
3167009
3167010
3167011
3167012
3167013
3167014
3167015
3167016
3167017
3167018
3167019
3167020
3167021
3167022
3167023
3167024
3167025
3167026
3167027
3167028
3167029
3167030
3167031
3167032
3167033
3167034
3167035
3167036
3167037
3167038
3167039
3167040
3167041
3167042
3167043
3167044
3167045
3167046
3167047
3167048
3167049
3167050
3167051
3167052
3167053
3167054
3167055
3167056
3167057
3167058
3167059
3167060
3167061
3167062
3167063
3167064
3167065
3167066
3167067
3167068
3167069
3167070
3167071
3167072
3167073
3167074
3167075
3167076
3167077
3167078
3167079
3167080
3167081
3167082
3167083
3167084
3167085
3167086
3167087
3167088
3167089
3167090
3167091
3167092
3167093
3167094
3167095
3167096
3167097
3167098
3167099
3167100
3167101
3167102
3167103
3167105
3167106
3167107
3167108
3167109
3167110
3167111
3167112
3167113
3167114
3167115
3167116
3167117
3167118
3167119
3167120
3167121
3167122
3167123
3167124
3167125
3167126
3167127
3167128
3167129
3167130
3167131
3167132
3167133
3167134
3167135
3167136
3167137
3167138
3167139
3167140
3167141
3167142
3167143
3167144
3167145
3167146
3167147
3167148
3167149
3167150
3167151
3167152
3167153
3167154
3167155
3167156
3167157
3167158
3167159
3167160
3167161
3167162
3167163
3167164
3167165
3167166
3167167
3167168
3167169
3167170
3167171
3167172
3167173
3167174
3167175
3167176
3167177
3167178
3167179
3167180
3167181
3167182
3167183
3167184
3167185
3167186
3167187
3167188
3167189
3167190
3167191
3167192
3167193
3167194
3167195
3167196
3167197
3167198
3167199
3167200
3167201
3167202
3167203
3167204
3167205
3167206
3167207
3167208
3167209
3167210
3167211
3167212
3167213
3167214
3167215
3167216
3167217
3167218
3167220
3167221
3167222
3167223
3167224
3167225
3167226
3167227
3167228
3167229
3167230
3167231
3167232
3167233
3167234
3167235
3167236
3167237
3167238
3167239
3167240
3167241
3167242
3167243
3167245
3167246
3167247
3167248
3167249
3167250
3167251
3167252
3167253
3167254
3167255
3167256
3167257
3167258
3167259
3167260
3167261
3167262
3167263
3167264
3167265
3167266
3167267
3167268
3167269
3167270
3167271
3167272
3167273
3167274
3167275
3167276
3167277
3167278
3167279
3167280
3167281
3167282
3167283
3167284
3167285
3167286
3167287
3167288
3167289
3167290
3167291
3167292
3167293
3167294
3167295
3167296
3167297
3167298
3167299
3167300
3167301
3167302
3167303
3167304
3167305
3167306
3167307
3167308
3167309
3167310
3167311
3167312
3167313
3167314
3167315
3167316
3167317
3167319
3167320
3167321
3167322
3167323
3167324
3167325
3167326
3167327
3167328
3167329
3167330
3167331
3167332
3167333
3167334
3167335
3167336
3167337
3167338
3167339
3167340
3167341
3167342
3167344
3167345
3167346
3167347
3167348
3167349
3167350
3167351
3167352
3167353
3167354
3167355
3167356
3167357
3167358
3167359
3167360
3167361
3167362
3167363
3167364
3167365
3167366
3167367
3167368
3167369
3167370
3167371
3167372
3167373
3167374
3167375
3167376
3167377
3167378
3167379
3167380
3167381
3167382
3167383
3167384
3167385
3167386
3167387
3167388
3167389
3167390
3167391
3167392
3167393
3167394
3167395
3167396
3167397
3167398
3167399
3167400
3167401
3167402
3167403
3167404
3167405
3167406
3167407
3167408
3167409
3167410
3167411
3167412
3167413
3167414
3167415
3167416
3167417
3167418
3167419
3167420
3167421
3167422
3167423
3167424
3167425
3167426
3167427
3167428
3167429
3167430
3167431
3167432
3167433
3167434
3167435
3167436
3167437
3167438
3167439
3167440
3167441
3167442
3167443
3167444
3167445
3167446
3167447
3167448
3167449
3167450
3167451
3167452
3167453
3167454
3167455
3167456
3167457
3167458
3167459
3167460
3167461
3167462
3167463
3167464
3167465
3167466
3167467
3167468
3167469
3167470
3167471
3167472
3167473
3167474
3167475
3167476
3167477
3167478
3167479
3167480
3167481
3167482
3167483
3167484
3167485
3167486
3167487
3167488
3167489
3167490
3167491
3167492
3167493
3167494
3167495
3167496
3167497
3167498
3167499
3167500
3167501
3167502
3167503
3167504
3167505
3167506
3167507
3167508
3167509
3167510
3167511
3167512
3167513
3167514
3167515
3167516
3167517
3167518
3167519
3167520
3167522
3167523
3167524
3167525
3167526
3167527
3167528
3167529
3167530
3167531
3167532
3167533
3167534
3167535
3167536
3167537
3167538
3167539
3167540
3167541
3167542
3167543
3167544
3167545
3167546
3167547
3167548
3167549
3167550
3167551
3167552
3167553
3167554
3167555
3167556
3167557
3167558
3167559
3167560
3167561
3167562
3167563
3167564
3167565
3167566
3167567
3167568
3167569
3167570
3167571
3167572
3167573
3167574
3167575
3167576
3167577
3167578
3167579
3167580
3167581
3167582
3167583
3167584
3167585
3167586
3167587
3167588
3167589
3167590
3167591
3167592
3167593
3167594
3167595
3167596
3167597
3167598
3167599
3167600
3167601
3167602
3167603
3167604
3167605
3167606
3167607
3167608
3167609
3167610
3167611
3167612
3167613
3167614
3167615
3167616
3167617
3167618
3167619
3167620
3167621
3167622
3167623
3167624
3167625
3167626
3167627
3167628
3167629
3167630
3167631
3167632
3167633
3167634
3167635
3167636
3167637
3167638
3167639
3167640
3167641
3167642
3167643
3167644
3167645
3167646
3167647
3167648
3167649
3167650
3167651
3167652
3167653
3167654
3167655
3167656
3167657
3167658
3167659
3167660
3167661
3167662
3167663
3167664
3167665
3167666
3167667
3167668
3167669
3167670
3167671
3167672
3167673
3167674
3167675
3167676
3167677
3167678
3167679
3167680
3167681
3167682
3167683
3167684
3167685
3167686
3167687
3167688
3167689
3167690
3167691
3236015
3239915

Wrong member role:

Boundary crosses admin_level=6:
