300926|Автономна Республіка Крим|260227637,308991537,308991604,427630882,427630889,427630916,427630917,1094582488,1438778413,3703337206
300927|Автономна Республіка Крим|260227637,308991537,308991604,427630882,427630889,427630916,427630917,1094793041,1438795188,3703337206
1759372|Автономна Республіка Крим|260227633,1094582534,1438778411,1438778413
1759373|Автономна Республіка Крим|260227647,1094582488,1438778411,1438778413
2374638|Автономна Республіка Крим|467916831,467983959,1214895988,1882751796
2565797|Автономна Республіка Крим|292740921,329663904,369669885,425151721,1270670774,1934988056
2565798|Автономна Республіка Крим|292740921,329663904,369669885,797283668,1816819416,1934988056,2604520970,2604704904
2667955|Автономна Республіка Крим|292741519,292741524,429405983,429405996,797237409,1352977855,1934988056,2087628196
2667956|Автономна Республіка Крим|1114769354,1114769389,1114769406,1895317813,1898418721,1898418730,1934988056,2087628105
2667957|Автономна Республіка Крим|429405525,429405698,449359128,1114769507,1894770331,1907571689,1934988056,2501968502
3552967|Автономна Республіка Крим|857927498,1000700475,3652292357,3652292358
3552976|Автономна Республіка Крим|857927498,1000700475,3652292355,3652292357,3652292358,3652292359
1332276|Волинська область|251592353,845604274,924502160,924502183,925524858,930200714,930200743,930423243,1641964026,2140618424
2006825|Волинська область|918502691,926984633,926984705,1618867029
2006856|Волинська область|918502691,926984633,926984705,1618867028
2146535|Волинська область|926984633,927394289,935559938,946332120
2146581|Волинська область|918502691,926984633,935559938,2579483410
2146704|Волинська область|918502691,926984633,963846740,1618867041
2146705|Волинська область|926984633,946332120,963846740,1618867041
2146741|Волинська область|926984633,946332120,957482245,1630968090
2147325|Волинська область|918502691,926984633,957482245,1630968090
2149115|Волинська область|926984633,946332120,963846740,1323306633
2149116|Волинська область|918502691,926984633,963846740,1323306633
2149500|Волинська область|918502691,926984633,957422946,972150370
2149501|Волинська область|926984633,946332120,957422946,972150370
300207|Дніпропетровська область|313751095,313752856,313752858,313752870,3452091365,3452091370
302017|Дніпропетровська область|295536373,295536390,297193552,297332386,476242593,499983102,499983115,506877142,524557507,588132547,1628540643,1634317691,1637804962,3234950918
303359|Дніпропетровська область|297193552,297332386,540892233,3234950918
308469|Дніпропетровська область|297193552,297194099,498827356,506877142,506877145,506877146,506877155,506877163,506878927,1622257637,1622319242,1622319418,1637804962,3234950918
3307564|Дніпропетровська область|332240060,336254377,1203996490,2520824716
3307565|Дніпропетровська область|32140882,332240061,336254377,2520824716
3309028|Дніпропетровська область|437299744,469072076,1026397841,2400957823
3310758|Дніпропетровська область|300385581,354757767,1026397841,1203996480,3524292586,3524292587
3310759|Дніпропетровська область|300385581,354757767,1203996479,1203996480,2521400579,3524292587
1769333|Донецька область|1349086233,1349086325,1349086377,1349086380
1769671|Донецька область|431060209,2973368632,2974080180,2977563104
1769672|Донецька область|431060209,2973368632,2974080180,2977563104
1769679|Донецька область|431060209,1449044594,2973368632,2977563104
1769680|Донецька область|431060209,1449044594,2973368632,2977563104
1769681|Донецька область|1449044580,1449044594,2973368632,2977563104
1769682|Донецька область|1449044580,1449044594,2973368632,2977563104
1769686|Донецька область|1449037924,1449044594,2495988677,2973368632,2977563104,2978074499
1769687|Донецька область|1449037924,1449044594,1449044620,2973368632,2977563104,2978927994
1769694|Донецька область|1449044594,2973368632,2977563104,2985860985
1769695|Донецька область|1449044594,1570667432,2973368632,2977563104,2984651520,2985860985
1769719|Донецька область|293412739,768720516,768720630,768842931
2651724|Донецька область|266480660,2284016615,3691169279,3691169280
2651725|Донецька область|259981350,266480660,1298135032,2284016615,2284016618,3691169263,3691169279,3691169280
2713649|Донецька область|266468384,1296455394,2401361130,2401361134
2735100|Донецька область|262460182,266642705,2137932417,2137932418
2736117|Донецька область|262460182,266642705,2367002272,2421707443
2738774|Донецька область|277008233,277008385,1327922521,1611918564,2367002312,3079412635
2745480|Донецька область|259981350,277008233,277008385,344405510,1298135032,1327922521,1611918564,2284016615,2284016618,3079412635,3691169279,3691169280
2745481|Донецька область|259981350,344405510,1611918564,2284016615,3691169279,3691169280
2778132|Донецька область|266480660,1067362518,1067362904,1075044582,3691169263,3691169280
2782548|Донецька область|266643678,1837878148,2171203276,3442813776
2878393|Донецька область|1368357590,1834035040,2266714924,3605167966,3608514852,3674540936
2878394|Донецька область|1368357590,1834035040,2266714924,2266714925,3605167966,3674540936
3136420|Донецька область|259981324,267139119,1621565237,2416535679,3691169263,3691169280
3136421|Донецька область|259981428,267139119,1621565237,2416535679
3139090|Донецька область|277008233,277008385,1327922521,2137800523,2417796407,3079412635
3139091|Донецька область|259981324,267139119,2103525191,2137800523,3691169263,3691169280
3139092|Донецька область|259981428,267139119,2103525191,2137800523
3139097|Донецька область|259981350,344405510,1298135032,2282818844,2284016615,2284016618,3691169279,3691169280
3139098|Донецька область|259981350,344405510,2282818844,2284016615,3691169279,3691169280
3139102|Донецька область|262460182,266642705,1305788580,2137932417
3220821|Донецька область|266643678,1837878148,2421707443,3442813776
3220822|Донецька область|266643678,1837878148,2421707443,3442813776
3220823|Донецька область|2103525191,2421707443,3691169263,3691169280
3222263|Донецька область|287374607,2467381611,2467381623,3079087574
3222264|Донецька область|287374607,2467381611,2467381623,3079087574
3222267|Донецька область|1837878148,2466623037,2467381607,3442813776
3222268|Донецька область|1837878148,2466623037,2467381607,3442813776
3236877|Донецька область|63673759,1067362904,1279128803,2477461103
3236878|Донецька область|1067362518,1067362904,1075044582,2477461103
3598094|Донецька область|266480660,3690983351,3691169279,3691169280
3598095|Донецька область|259981350,266480660,1623558260,3690983351,3690983358,3691169263,3691169279,3691169280
3598096|Донецька область|266480660,1067429066,3691169263,3691169280
3598099|Донецька область|266480660,1067362518,1067362904,1075044582,3691169263,3691169280
3598101|Донецька область|266480660,1067362518,1067362904,1075044582,3691169263,3691169280
3705478|Донецька область|899027838,1180555946,1180555963,2421707443,2829355456,2829355458
3705479|Донецька область|899027838,1180555946,1180555963,2421707443,2829355456,2829355458
3705482|Донецька область|266480660,1797963521,1797963526,1797963528,2829355452,2981973042,3691169263,3691169280
3705483|Донецька область|266480660,1797963521,1797963526,1797963528,2829355452,2981973042
3705491|Донецька область|288540253,719230637,1552003967,2421707443
3705492|Донецька область|288540253,719230637,1552003967,2421707443
3717556|Донецька область|1067362518,1067362904,1075044582,1252091361
3717561|Донецька область|1067362904,1797963521,1797963526,1797963528,2829355452,2981973042
3717562|Донецька область|1067362518,1067362904,1075044582,1797963521,1797963526,1797963528,2829355452,2981973042
3718052|Донецька область|277008233,277008385,1327922521,1611918564,2416535783,3079412635
3718054|Донецька область|277008233,277008385,1327922521,1611918564,2416535783,3079412635
3718056|Донецька область|1067362518,1067362904,1075044582,1298135032,2284016615,2284016618
3718058|Донецька область|1298135032,2103525191,2284016615,2284016618
3718060|Донецька область|259981350,1298135032,1482112645,2103525191,2284016615,2284016618,3691169279,3691169280
3718061|Донецька область|259981350,1482112645,2103525191,2284016615,3691169279,3691169280
3718064|Донецька область|266643831,1656854590,1837878148,3442813776
3718065|Донецька область|266643831,1656854590,1837878148,3442813776
3718067|Донецька область|1067362518,1067362904,1075044582,2984852828
3720636|Донецька область|442006652,442006667,1187060021,2509130817
3720637|Донецька область|1837878148,2467381615,2839416232,3442813776
3720639|Донецька область|266480660,291715052,3691169263,3691169280
3720641|Донецька область|259981350,259981367,259981388,1489813769,1623558260,2839416231,3691169279,3691169280
3720642|Донецька область|259981350,259981367,259981388,1489813769,1623558260,2839416231,3691169279,3691169280
3720649|Донецька область|1837878148,2466623037,2476418810,3442813776
3720650|Донецька область|1837878148,2466623037,2476418810,3442813776
3720651|Донецька область|442006652,442006667,1837878148,2466622939,2509130817,3442813776
3720652|Донецька область|1016436840,1837878148,2829355460,3442813776
3720653|Донецька область|2103525191,2421707443,3691169263,3691169280
3720655|Донецька область|259981324,267139119,288540280,291715052,3691169263,3691169280
3720656|Донецька область|259981324,267139119,288540280,291715052
3723107|Донецька область|277008233,277008385,1327922521,2421707443,2692458020,3079412635
3723109|Донецька область|1067362518,1067362904,1075044582,2841143412
3723113|Донецька область|277008385,1327922521,2103525191,2367002272,3691169263,3691169280
3885559|Донецька область|1194078966,1194079203,1194233279,2785700847
3885560|Донецька область|1194078966,1194079028,1194079203,2785658747
3885562|Донецька область|1194078938,1194233279,2785658747,2785700847
3885563|Донецька область|1194078938,1194233279,2785658747,2785658751,2785658766,2785700847
3887527|Донецька область|1194078938,2785658747,2785658751,2785658766
3887547|Донецька область|1194078779,1194078783,1194079028,2785658747
3906128|Донецька область|1022926876,2973375012,2975806860,2977624507
3906256|Донецька область|1023365714,1449044581,1449044594,1449044599,1533959586,2973368632,2973387808,2975806860,2977563104,2977624507
3910504|Донецька область|1022926449,1022926595,1023365600,1449044581,2974080180,2978004388
3910562|Донецька область|431060214,1022413306,1022926449,2973368632,2974080180,2978004388
3911975|Донецька область|2493971911,2493973908,2977384169,2979252835
3911981|Донецька область|1023365600,1449044581,2493973908,2977384169,2979252835,3518744613
3916250|Донецька область|1022413381,1023512658,1023513187,2981886290
3918218|Донецька область|1022413350,1449332832,2984204222,2984488613
3918400|Донецька область|1023365253,1023365462,2803720567,2984604246
3919203|Донецька область|1022413690,2803720567,2973389783,2984604246
3923292|Донецька область|1023365462,1023365846,1023366284,1903927301,2973368607,2984604246
3924373|Донецька область|306214277,1903891782,2974080180,2989779118
3934389|Донецька область|274932317,274932318,306214251,1449044620,2708667347,2973207631,2978004388,2978074493,2985876809,2995765875
3945284|Донецька область|1449044620,2974018815,2978074493,3004616329
3946909|Донецька область|1454058628,1533959608,2974018815,3024796226
3952929|Донецька область|306214251,1023365600,1533959586,2973207631,2985860985,3010328695
3955864|Донецька область|1022413216,2984488613,2989510346,3024796226
3955865|Донецька область|1022927060,1023365600,2984488613,3024796226
3956778|Донецька область|1022926595,1022926936,2974080180,2984118699
3957690|Донецька область|1023366284,2973368607,2984604246,2995765875
3958236|Донецька область|1449037921,2941538565,2973276124,2984488613
3966752|Донецька область|2978004388,3022189716,3022568389,3022871733
3966753|Донецька область|2978004388,3020688300,3020688548,3022871733
3969428|Донецька область|1459261889,1459262220,2978004388,3024641634
3969645|Донецька область|3024796226,3025014690,3025173600,3025173616
3970151|Донецька область|1449037921,1449044580,3024796226,3025762471
3971629|Донецька область|1022413261,1022413660,2984488613,3023936078
3971630|Донецька область|1022413261,1022413660,1449037921,1449044580,2984488613,3023936078
3993271|Донецька область|1022413535,1349086271,1449037921,2586667780,2984964632,2985556986
3993272|Донецька область|1570000913,2985555921,2985556986,3010328695
3995213|Донецька область|1022413572,1895077012,2977448578,2984488613
3995214|Донецька область|1022413572,2977448578,2984488613,3045433964
3995680|Донецька область|1023366521,2371926136,2974018815,2978004388
3995681|Донецька область|431060214,1449332771,1685154264,2978004388
3997127|Донецька область|1023364298,2973368598,2984118699,2984604246
3998805|Донецька область|431060214,1449332771,2978004388,3014746676
4208640|Донецька область|1362751953,1735203371,1859320211,1863036884
4208645|Донецька область|3054326347,3054326349,3056017834,3056017835,3195541509,3195541510
4208647|Донецька область|3056017834,3056017835,3195541509,3195541510
4255352|Донецька область|1362751952,1863036940,3054326347,3054326349,3056017834,3056017835,3195541509,3195541510
1852131|Житомирська область|285907019,376032104,376033616,503852942,1264926206,1264926208,1333714094,1333714125,1507789400,1810037084
3755826|Житомирська область|285907019,430248308,430248322,447588601,1025721753,1838086387
3757917|Житомирська область|285907019,302519378,430248308,430248322,447588601,1025721753,1475379130,1838086387
3757918|Житомирська область|285907019,302519378,430248308,430248322,447588601,1025721753,1475379130,1838086387
3758468|Житомирська область|376032104,376032577,430226560,430227631,1838086387,2424197042
3760386|Житомирська область|285907313,302519378,430220602,1810037084,1982769733,1982769849
187000|Київ|26261255,26303544,370330430,2935405574
191044|Київ|26201400,26260814,26261308,26261383,256722955,290107400,346496887,358944546
1160834|Київ|313270387,356501135,690441726,3100656095
1164863|Київ|254395352,313270387,582844018,3100656095
1758150|Київ|354975248,354975253,1437642599,2006111058
1759125|Київ|26201248,354975248,354975253,1252546794
1773098|Київ|256697118,1452959250,1460248175,3101284570
1839580|Київ|26261433,346690434,347291562
2190753|Київ|26260437,256839146,534471315,2088188173
2196038|Київ|26260318,26260429,36088278,403800642,403804816,445087618,534471315,2088188173
2435162|Київ|26337525,1644254168,3065718306,3065718307
2560322|Київ|26261372,256683266,290107393,1841072959,1841072968,2128151420
2560428|Київ|26260429,256839146,403800642,403804816,534471315,2088188173
2560429|Київ|26201400,279199042,290107400,346690434,347291562,358944546
2560430|Київ|26260437,36088278,256557020,445087618,534471315,2088188173
2849687|Київ|354975248,1133673486,1408945461,3222291701
2849851|Київ|254278061,282485521,354975248,3222291701
2850015|Київ|26337943,255137401,256721446,319984392
2850034|Київ|454617507,1820340293,1820340296,2670606162
2850036|Київ|1448786898,1820340293,1820340296,2237606800
3255843|Київ|26201911,26229004,244083045,1768908314
1120672|Київська область|346422838,380376707,380376712,1143626413
1768807|Київська область|1259178911,1273114671,1361582352,1870239550
1768809|Київська область|1259178911,1273114671,1361582352,1870239550
3414930|Кіровоградська область|820257148,954423016,986936797,986936855,3679091918,3679094729,3679094778,3679094779
2268037|Луганська область|534422780,1142975246,1403943410,3131982260
2150431|Львівська область|30508701,30518800,503932555,1568467042
2150432|Львівська область|30508701,30518800,503932555,1568467042
2155290|Львівська область|30508701,30518800,503932555,923032422
2155291|Львівська область|30508701,30518800,503932555,1638973665
2155622|Львівська область|30508701,30518800,387998669,503932555
2155623|Львівська область|30508701,30518800,387998646,503932555
2155664|Львівська область|443188745,476675476,1359830478,1652719483
2161815|Львівська область|30508701,30518800,340003101,503932555
2161816|Львівська область|30508701,30518800,340003100,503932555
2163406|Львівська область|1660245502,1660249399,1660250340,3286421212
2163423|Львівська область|1660248798,1959999107,3286394073,3529110148
2163456|Львівська область|1660185703,1660251835,3529240020,3529240022
2163457|Львівська область|1660185703,1660251835,3529240020,3529240022
2167456|Львівська область|1660217270,1660220722,1660222512,2971974672
2169748|Львівська область|1660187261,1660218886,1660222512,2971974672
2169774|Львівська область|1660218886,1660220979,1660222512,2971974672
2176739|Львівська область|1660187261,1660240448,1916305860,3089011380,3089011400,3346992764
2182204|Львівська область|1145322905,1832279806,1864939574,2980577533
2189673|Львівська область|30508701,30518800,503932555,3684552483
2189674|Львівська область|30508701,30518800,503932555,3684552461
2342289|Львівська область|364803179,476675476,990654346,1813537229
2349477|Львівська область|30513645,262976662,395009857,1631324085,1832279806,1864939574,2980577533,3220328056
2367355|Львівська область|1528088283,1832279806,1864939574,2980577533
2378572|Львівська область|691189199,1459323744,1762080409,1885561000
2390868|Львівська область|30508701,30518800,386663787,503932555
2390869|Львівська область|30508701,30518800,386663787,503932555
2399030|Львівська область|266710134,476675476,990654346,1813537225
2442638|Львівська область|476675476,990654346,1601328943,1813537229
2443900|Львівська область|262068944,386670773,395005153,1701303939
2443902|Львівська область|267158322,386665199,1634471895,1731123901
2443903|Львівська область|267158322,386665199,1634471895,1731123901
2443991|Львівська область|476675476,990654346,1813537229,1832279806,1864939574,2980577533
2443992|Львівська область|30508701,30518800,254913244,1596335513
2443993|Львівська область|30508701,30518800,254913244,1596335513
2444170|Львівська область|262068944,386670773,395005153,1701303939
2444171|Львівська область|30508701,30518800,386670773,395005153
2448506|Львівська область|387992867,443188745,476675476,1652719483
2448508|Львівська область|261715093,261715096,386696746,476675476,990654346,1316479658
2448509|Львівська область|261715093,261715096,386696746,1316479658
2448542|Львівська область|387873927,476675476,990654346,1806543870
2456740|Львівська область|261713793,374445753,387873927,3684552483
2456741|Львівська область|387873927,476675476,990654346,3684552461
2459238|Львівська область|261715093,261715096,340003101,386687199
2459239|Львівська область|261715093,261715096,340003100,386687199,476675476,990654346
2461639|Львівська область|30508741,261714560,476675476,990654346
2461641|Львівська область|476675476,990654346,1631324085,1637092430
2461643|Львівська область|261714389,264706331,1699414265,1699414285
2462231|Львівська область|691189199,1459323744,1762080409,1885561000
2465347|Львівська область|1630255706,1832279806,1864939574,2980577533
2465348|Львівська область|254912883,254912886,340002599,384958493,443188745,476675476,528898850,990654346,3218862366,3218886226
2465351|Львівська область|261710598,262068944,386670773,1701303939
2465352|Львівська область|262066711,262068944,386670773,1701303939
2515252|Львівська область|386699251,476675476,990654346,1974826857
2529777|Львівська область|264702910,264702911,1758217914,1974826846
2529778|Львівська область|264702910,264702911,1758217914,1974826857
3428213|Львівська область|30508701,30518800,503932555,1721677999
3428214|Львівська область|30508701,30518800,503932555,2616322734
1542364|Одеська область|1238543540,1240671157,1244371287,1244887511
1542365|Одеська область|642992359,1238543536,1244371287,1245873879
1542406|Одеська область|1238543536,1240670140,1250389767,1251043663
1542407|Одеська область|1238543540,1240670169,1250389775,1251043663
1549407|Одеська область|1245907144,1245907162,1245907212,1251043663
4199233|Полтавська область|836243556,1775996293,1860605357,3189096950
2133742|Рівненська область|387994931,387994935,415632055,415632059,454741848,660288997,660289024,693603614,811722271,1153174943,1153175019,1153175479,1153175935,1157382056,1181291458,1502841380
1652789|Тернопільська область|343054013,343054387,343156781,343156788
1777785|Харківська область|1240775770,1269394244,1269394864,1269394909
2031447|Харківська область|252172958,271829506,1039111981,1046342486,1046342516,1200144211
2077914|Харківська область|1014016415,1038627589,1038628874,1039278217
2080928|Харківська область|27119471,387992968,1038627589,1038628874,1039280324,1269394244
2649197|Харківська область|252172956,252172960,256594972,257035887,997025637,1449004876,1449004878,2080402957,2208025003,2208025005,2208025007,2208025008
2694018|Харківська область|252172217,269150675,1029622237,1029622316,1622343417,1622343811,2104685421,2104685424
2734580|Харківська область|324782228,372475252,379851182,1044001859,1448445226,2141118244
2743491|Харківська область|27119396,317752621,1038627589,1038628874,1039278217,1069613483,1069614120,1457514527
2829566|Харківська область|27119396,27119471,372475252,379851182,441609424,995499659,1014333676,1014333741,1069613483,1110530192,1673405530,1957432405,2154203849,2590265898
3412319|Харківська область|256665680,269150675,1943111043,2177677842,2177677843,3649443322
3417785|Харківська область|256594673,441609424,1673405530,1822028412,2578454070,2590265898,2590265899,2609328935
3417786|Харківська область|1673405530,2080406871,2578454071,2590265906,2590265909,2590265912
3428691|Харківська область|385123543,1118550566,3436795480,3436795489
1734347|Чернівецька область|254887804,254900974,943052861,1007390232
1734349|Чернівецька область|254887804,440007064,943052861,1007390232
1734351|Чернівецька область|254887804,943052861,1019257939,1164311633
1766732|Чернівецька область|254887804,443202888,943052861,2403899067
2411206|Чернівецька область|254887804,255369501,445952270,943052861
2411207|Чернівецька область|254887804,445952270,943052861,1121804654
2411210|Чернівецька область|254887804,943052861,991704971,1911574204
2411212|Чернівецька область|254887804,440007064,943052861,1219000785
2411213|Чернівецька область|254887804,265482945,943052861,991705003
2411215|Чернівецька область|254887804,265482945,943052861,991705003
2522826|Чернівецька область|254887804,943052861,991705003,1281138617
2524170|Чернівецька область|254887804,297372531,943052861,1981157622
2525804|Чернівецька область|254887804,297372531,943052861,1981157622
2525872|Чернівецька область|254887804,254900974,297372531,943052861
2839548|Чернівецька область|254887804,712739932,921244356,943052861
1839580|Чернігівська область|1222180769,1222180852,3718171605,3718171606
